  -0.0000261276
   0.0120228810
   0.0104613926
   0.0056044028
  -0.0003285033
   0.0053723688
  -0.0078397702
  -0.0141118802
  -0.0213838406
  -0.0213282642
  -0.0124156301
  -0.0227980659
  -0.0007974115
  -0.0009525326
  -0.0051635344
  -0.0162055769
  -0.0157964608
  -0.0297142806
  -0.0191457229
  -0.0089773756
  -0.0512566006
  -0.0563345107
  -0.0410328890
  -0.0380101945
  -0.0553866438
  -0.0585042934
  -0.0460877040
  -0.0617162495
  -0.0678152679
  -0.0547358127
  -0.0692274843
  -0.0625211626
  -0.0430957857
  -0.0599076811
  -0.0521734374
  -0.0335477463
  -0.0218591223
  -0.0449578195
  -0.0360639740
  -0.0289016179
  -0.0225992288
   0.0315329200
  -0.0014050298
   0.0083443099
  -0.0128057421
  -0.0133114631
   0.0096097677
   0.0276466248
  -0.0411896135
  -0.0220179584
  -0.0394828364
  -0.0557417250
  -0.0553195368
  -0.0316284767
  -0.0398383524
  -0.0497839619
  -0.0260159964
  -0.0379242774
  -0.0360757116
  -0.0243950530
  -0.0253079398
  -0.0185602495
  -0.0109268225
   0.0114581574
  -0.0166206783
  -0.0222614342
  -0.0133399715
  -0.0215251291
  -0.0094002698
   0.0131885620
   0.0027997193
   0.0079846828
   0.0439417761
   0.0231896759
   0.0303789409
   0.0094099705
   0.0122620077
   0.0124039019
   0.0106608523
   0.0067617772
   0.0121144477
   0.0135219361
   0.0128772835
   0.0084724683
   0.0113343709
   0.0007881024
   0.0014201769
  -0.0026732158
   0.0045666234
   0.0050338140
   0.0009262543
  -0.0067635288
   0.0086038494
   0.0047404915
   0.0016209802
  -0.0052361594
  -0.0198302562
  -0.0137035925
   0.0028254601
   0.0044119143
   0.0037957896
   0.0104898008
   0.0055279383
   0.0158594313
   0.0151410195
   0.0130647571
   0.0290043120
   0.0182978697
   0.0228199991
  -0.0180751895
  -0.0423116149
  -0.0161450372
  -0.0027084573
  -0.0077710022
  -0.0165593673
  -0.0260754715
  -0.0068064084
  -0.0089093224
  -0.0039536310
  -0.0020559415
  -0.0052301843
  -0.0028655884
   0.0043296163
   0.0114295149
   0.0056884706
   0.0007124486
   0.0052603017
   0.0089885891
   0.0068717701
   0.0026109217
  -0.0014690117
   0.0045506707
   0.0003497480
  -0.0023201762
  -0.0122274506
  -0.0339855179
  -0.0026168346
  -0.0087705840
  -0.0308308678
  -0.0021605461
  -0.0045978269
  -0.0134599775
  -0.0388428827
  -0.0037610316
  -0.0122964973
  -0.0341561629
  -0.0354909407
  -0.0252325023
  -0.0389535929
  -0.0231527383
  -0.0265130480
  -0.0224591463
  -0.0251387454
   0.0350705577
   0.0480019304
   0.0361387514
   0.0497354227
   0.0226302044
   0.0290156861
   0.0147696750
   0.0028968102
  -0.0059267528
   0.0307023992
   0.0379624260
  -0.0086173709
   0.0167000278
   0.0384595799
  -0.0094892270
   0.0185084528
   0.0322883922
   0.0349144039
   0.0440516945
   0.0325697214
   0.0497681785
   0.0464435478
   0.0409957720
   0.0368860848
   0.0456913142
   0.0449418865
   0.0346063098
   0.0422367896
   0.0400845641
   0.0476468533
   0.0457902074
   0.0483879869
   0.0521424578
   0.0430515882
   0.0380322263
   0.0472122603
  -0.0022404336
   0.0042700848
   0.0088565807
   0.0073773427
   0.0106415894
   0.0039672485
   0.0140476518
   0.0050037319
  -0.0059400547
  -0.0095676142
  -0.0120939296
  -0.0140688970
  -0.0152652813
  -0.0013633890
  -0.0028224730
  -0.0076647620
  -0.0111894951
  -0.0289197482
  -0.0151382887
  -0.0090398055
  -0.0430387962
  -0.0511300664
  -0.0381630041
  -0.0326477760
  -0.0434290611
  -0.0471509860
  -0.0426570568
  -0.0475240709
  -0.0525303536
  -0.0455213396
  -0.0545250400
  -0.0474214940
  -0.0340130541
  -0.0516401105
  -0.0459547519
  -0.0334678472
  -0.0420062431
  -0.0402116599
  -0.0297883497
  -0.0181200972
  -0.0320652297
  -0.0283383529
  -0.0217292621
  -0.0232821982
   0.0267401630
   0.0014694714
   0.0092453410
  -0.0137612682
  -0.0158695964
   0.0147406761
   0.0097006560
   0.0238359371
  -0.0323870640
  -0.0126225729
  -0.0191073687
  -0.0317000327
  -0.0435195388
  -0.0428757046
  -0.0266844279
  -0.0080767476
  -0.0384985881
  -0.0483853777
  -0.0401316649
  -0.0227544057
  -0.0371015717
  -0.0275627380
  -0.0254801685
  -0.0067383443
  -0.0264614965
  -0.0175369583
   0.0026666186
  -0.0177137799
  -0.0107375025
  -0.0105022782
   0.0064379164
  -0.0101482065
  -0.0150714541
   0.0084114010
  -0.0088933664
  -0.0145748501
  -0.0079729343
   0.0086136111
  -0.0016402231
  -0.0016535558
   0.0111640309
   0.0233235225
   0.0180080005
   0.0393698680
   0.0196009933
   0.0285884278
   0.0098582420
   0.0086019033
   0.0060413444
   0.0108196825
   0.0107865863
   0.0099979428
   0.0082400571
   0.0102229991
   0.0105913218
   0.0105449153
   0.0102520577
   0.0052290011
   0.0079163441
  -0.0011700666
  -0.0007751646
  -0.0039961785
   0.0017137448
   0.0031848850
   0.0012782770
  -0.0036804534
  -0.0080260745
   0.0065980021
   0.0043916811
   0.0019014776
  -0.0021761204
  -0.0107087838
  -0.0209248270
  -0.0160753288
   0.0020883192
   0.0008838880
   0.0065579676
   0.0073626120
   0.0004093366
   0.0092577314
   0.0113021488
   0.0104253215
   0.0176383229
   0.0165916242
   0.0133299678
   0.0195349174
   0.0259455525
  -0.0133670943
  -0.0239920939
  -0.0131064857
  -0.0045391560
  -0.0085066511
  -0.0143135747
  -0.0181348279
  -0.0066425750
  -0.0074717013
  -0.0050604901
  -0.0030264348
  -0.0038405738
  -0.0062755564
  -0.0038190275
   0.0054685495
   0.0010066464
   0.0089776405
   0.0059135285
   0.0027802088
  -0.0003999695
  -0.0006665385
   0.0055922907
   0.0054096936
   0.0029921994
  -0.0002631806
  -0.0038877230
   0.0019243972
   0.0012080762
  -0.0022106097
  -0.0026894933
  -0.0131300255
  -0.0064571608
  -0.0149909508
  -0.0326439894
  -0.0015439957
  -0.0040222663
  -0.0085671504
  -0.0193943426
  -0.0453933555
  -0.0031718555
  -0.0065442157
  -0.0139525398
  -0.0303324100
  -0.0396707042
  -0.0282796159
  -0.0278038689
  -0.0234396786
  -0.0224018496
  -0.0250197024
  -0.0195692631
   0.0194015190
   0.0341607249
   0.0445253777
   0.0327185612
   0.0434425074
   0.0265101952
   0.0237144353
   0.0072027909
   0.0015235767
  -0.0048456060
   0.0209031208
   0.0240479274
  -0.0056465794
   0.0112634640
   0.0300090280
   0.0033903297
   0.0181471658
   0.0337819771
   0.0156799031
   0.0263926742
   0.0257784474
   0.0340556801
   0.0250825921
   0.0401664359
   0.0377510802
   0.0330699663
   0.0395043552
   0.0384982200
   0.0369920810
   0.0294693979
   0.0367480468
   0.0383484500
   0.0262342487
   0.0261030207
   0.0348772339
   0.0407121290
   0.0380124553
   0.0366380584
   0.0396815422
   0.0484312386
   0.0385369655
   0.0402413953
   0.0419982015
   0.0402142834
   0.0330703885
   0.0337517578
   0.0389097154
   0.0023563710
   0.0066156717
   0.0055555658
   0.0085820135
   0.0104556880
   0.0125161860
   0.0126250087
   0.0053341832
  -0.0032076842
  -0.0059342807
  -0.0064260105
  -0.0090523420
  -0.0102430533
  -0.0020722670
  -0.0035880790
  -0.0079293575
  -0.0160060569
  -0.0028646983
  -0.0066514486
  -0.0017807913
  -0.0077291399
  -0.0026208739
  -0.0117170390
  -0.0075596840
  -0.0365838056
  -0.0340755970
  -0.0281134695
  -0.0352005429
  -0.0390344162
  -0.0382206361
  -0.0260495448
  -0.0377727010
  -0.0420810969
  -0.0386735426
  -0.0341108777
  -0.0438922390
  -0.0396615147
  -0.0315124098
  -0.0428799774
  -0.0414043633
  -0.0345395469
  -0.0388227350
  -0.0365253271
  -0.0288588081
  -0.0312497917
  -0.0251196131
  -0.0190647117
  -0.0143517148
  -0.0221653642
  -0.0058956072
   0.0229543097
   0.0315983380
   0.0032407436
   0.0092314297
  -0.0132542126
  -0.0159599139
  -0.0120024192
   0.0098033710
  -0.0261102503
  -0.0125692669
  -0.0164367740
  -0.0257607667
  -0.0347396565
  -0.0342135481
  -0.0225601161
  -0.0086213516
  -0.0225889190
  -0.0335115937
  -0.0410025353
  -0.0330316600
  -0.0199774245
  -0.0329807796
  -0.0233443912
  -0.0263549869
  -0.0161541068
  -0.0194771617
  -0.0057534074
  -0.0202904087
  -0.0123003241
   0.0029519294
  -0.0126688292
  -0.0056784782
   0.0033888310
  -0.0066587067
  -0.0111464735
   0.0060800098
  -0.0054490197
  -0.0096098005
  -0.0064000974
   0.0057497542
  -0.0021300177
  -0.0024223286
   0.0058101658
   0.0177408442
   0.0104534597
   0.0087013445
   0.0140285283
   0.0317881302
   0.0256195376
   0.0336262317
   0.0177339414
   0.0278320954
   0.0258553552
   0.0088420685
   0.0077686883
   0.0060904999
   0.0099277567
   0.0093266699
   0.0087012965
   0.0075106521
   0.0058646260
   0.0100754809
   0.0092257026
   0.0089650672
   0.0084958948
   0.0050692250
   0.0066820213
  -0.0020818073
  -0.0052160312
   0.0008038016
   0.0021174198
  -0.0000180937
  -0.0052372708
  -0.0097441449
   0.0044224144
   0.0022295591
  -0.0007318856
  -0.0060507507
  -0.0163572093
  -0.0252377633
  -0.0000190785
  -0.0010536218
   0.0048416268
   0.0062460782
   0.0093244270
   0.0091254801
   0.0140659563
   0.0148206354
   0.0125096969
   0.0200261464
  -0.0162437994
  -0.0271652975
  -0.0063085016
  -0.0105994465
  -0.0157634778
  -0.0179878868
  -0.0065971547
  -0.0067748598
  -0.0031117365
  -0.0045058576
  -0.0068726456
  -0.0040311569
   0.0023170755
   0.0059292517
   0.0032383677
   0.0004501540
   0.0043152421
   0.0047724914
   0.0031917842
   0.0006883430
  -0.0035050068
   0.0013939324
   0.0005978184
  -0.0025578728
  -0.0132216868
  -0.0067801348
  -0.0153051709
  -0.0325869172
  -0.0028969884
  -0.0059894361
  -0.0118558240
  -0.0242553147
  -0.0045492011
  -0.0089317701
  -0.0174755467
  -0.0359274313
  -0.0376688965
  -0.0282181932
  -0.0247962305
  -0.0238419222
  -0.0209012946
   0.0286887138
   0.0301465170
   0.0172263981
   0.0380166194
   0.0216610402
   0.0200104876
   0.0047140764
  -0.0061933371
   0.0171068088
   0.0204062806
  -0.0035967788
   0.0091784523
   0.0258026506
   0.0036590088
   0.0155085079
   0.0300758188
   0.0144325371
   0.0208876248
   0.0283332513
   0.0217820343
   0.0330462746
   0.0317571293
   0.0283872553
   0.0330918069
   0.0328027913
   0.0320758676
   0.0259568894
   0.0313452142
   0.0334877369
   0.0219679802
   0.0269147519
   0.0330849983
   0.0312787423
   0.0326886998
   0.0382140235
   0.0330194143
   0.0342117722
   0.0354876582
   0.0333267459
   0.0269744452
   0.0286079053
   0.0327401669
   0.0009989434
  -0.0065133244
   0.0049145725
   0.0041614694
  -0.0155477539
   0.0071449274
   0.0062832118
   0.0049994174
   0.0030317610
   0.0094847910
   0.0083459158
   0.0012783203
   0.0105479643
   0.0132269581
   0.0112923691
   0.0139091279
   0.0056450245
  -0.0010653445
  -0.0033613126
  -0.0029792180
  -0.0056744108
  -0.0068670543
  -0.0010021807
  -0.0026375802
  -0.0015663198
  -0.0046027839
  -0.0088089028
  -0.0012659452
  -0.0039773101
  -0.0019581662
  -0.0052981895
  -0.0026322050
  -0.0024101632
  -0.0089888023
  -0.0314487154
  -0.0299891368
  -0.0244865054
  -0.0293524613
  -0.0330089301
  -0.0338148470
  -0.0309233184
  -0.0347030143
  -0.0333749190
  -0.0318140494
  -0.0347972137
  -0.0358903380
  -0.0326559939
  -0.0284752746
  -0.0361878554
  -0.0340182849
  -0.0289229489
  -0.0342223438
  -0.0325936017
  -0.0276705976
  -0.0222379704
  -0.0301742741
  -0.0282767485
  -0.0233831425
  -0.0191448411
  -0.0246014727
  -0.0207951456
  -0.0157750572
  -0.0174498884
  -0.0035896313
   0.0196808297
   0.0255649446
   0.0124816461
   0.0041582906
   0.0087738545
  -0.0150568046
  -0.0083393564
  -0.0083334155
  -0.0001027400
   0.0096914351
  -0.0215632583
  -0.0118234196
  -0.0142343518
  -0.0213219475
  -0.0283550447
  -0.0280011584
  -0.0192767729
  -0.0007306337
  -0.0082833175
  -0.0144431157
  -0.0197923425
  -0.0285141842
  -0.0363478402
  -0.0345144996
  -0.0276916027
  -0.0176234812
  -0.0062969189
  -0.0271167109
  -0.0180195156
  -0.0059618020
  -0.0217641688
  -0.0119978969
  -0.0197646564
  -0.0109359631
  -0.0195858693
  -0.0133844208
  -0.0026110041
  -0.0159334224
  -0.0085252238
   0.0036459140
  -0.0024827569
   0.0013152299
  -0.0048435658
  -0.0089257146
   0.0134701506
   0.0046212272
  -0.0032659508
  -0.0064862248
  -0.0053492721
   0.0055877109
  -0.0006750255
  -0.0023704478
   0.0010115269
   0.0139457620
   0.0074457736
   0.0047781680
   0.0068483987
   0.0152211806
   0.0202476827
   0.0157545379
   0.0146556147
   0.0178774717
   0.0283255433
   0.0255677261
   0.0209880316
   0.0285885065
   0.0161568416
   0.0237795769
   0.0228873686
   0.0063999538
   0.0048446775
   0.0081936118
   0.0074162074
   0.0063717553
   0.0048515982
   0.0096364239
   0.0085354715
   0.0079376032
   0.0072099451
   0.0064204152
   0.0091510590
   0.0079648669
   0.0074807564
   0.0071475949
   0.0041404175
   0.0052898009
  -0.0029222342
  -0.0055559528
  -0.0003105601
   0.0009036080
  -0.0010868817
  -0.0057012542
  -0.0093620264
   0.0031373356
   0.0012588774
  -0.0015926672
  -0.0065449998
  -0.0147964730
  -0.0213191372
  -0.0174578378
   0.0007735674
  -0.0023783651
  -0.0021551482
   0.0030570349
   0.0034182324
   0.0067178496
   0.0071788055
   0.0053339381
   0.0100815151
   0.0101580178
   0.0092153347
   0.0172979584
   0.0134399633
   0.0203261301
  -0.0235553433
  -0.0090182124
  -0.0143051275
  -0.0213044326
  -0.0094137405
  -0.0056864975
  -0.0088995805
  -0.0122407836
  -0.0130577644
  -0.0056916715
  -0.0052397611
  -0.0030967260
  -0.0045096585
  -0.0062502652
  -0.0039223200
   0.0014661579
   0.0034882505
   0.0008702101
   0.0054455411
   0.0035516877
   0.0014534928
  -0.0008486778
   0.0028682445
   0.0033813733
   0.0021529113
   0.0001100245
  -0.0027015492
   0.0006735441
  -0.0000092218
  -0.0073720342
  -0.0150638777
  -0.0033073735
  -0.0065875045
  -0.0121676863
  -0.0229936120
  -0.0035002579
  -0.0065570303
  -0.0117000035
  -0.0212512852
  -0.0104090991
  -0.0286760049
  -0.0238367207
  -0.0218257302
  -0.0211152322
   0.0197214979
   0.0285096256
   0.0240494327
   0.0257657087
   0.0139872402
   0.0315990870
   0.0181486143
   0.0011204263
   0.0114570587
   0.0131297286
  -0.0054324613
   0.0051348108
   0.0193135954
   0.0029319601
   0.0119453441
   0.0250805943
   0.0043579395
   0.0146524648
   0.0122571029
   0.0157535141
   0.0224891844
   0.0168190696
   0.0261289096
   0.0228947785
   0.0280242161
   0.0278597859
   0.0263311001
   0.0262217289
   0.0279085872
   0.0286107657
   0.0266171022
   0.0234707540
   0.0256886636
   0.0328076311
   0.0292843171
   0.0283376273
   0.0293041910
   0.0323315507
   0.0285414194
   0.0295683888
   0.0301608688
   0.0278044591
   0.0233519444
   0.0250619428
   0.0279697526
