  -0.9616300150    1.3869355947    2.3525995423
  -2.2704513721    3.1870776738    1.5839461944
  -3.2025946812    2.7613820883    1.5839461944
  -4.0506078316    0.8843726996    0.5339461944
  -1.4866300150    2.2962622686   -1.2847071536
  -0.9178897405    1.9906047369   -1.4690344756
  -1.9322070018    2.1364415423   -1.4690344756
  -0.6233856447    0.3362994631   -2.2376878236
  -1.1483856447    1.2456261371   -2.2376878236
  -2.1983856447    1.2456261371   -2.2376878236
  -1.1483856447   -0.5730272108   -2.2376878236
  -1.6733856447    0.3362994631   -2.5190344756
  -4.5758013201    0.0358846490    0.2979634137
  -4.8697940279   -0.9790521037   -0.7520365863
  -4.4026887825   -1.8690467910   -0.7520365863
  -3.5754864741   -2.4400233184   -0.7520365863
  -2.3058162113    0.4328374653   -2.5706899343
  -0.5279733901   -0.4099450572    2.0117023382
  -0.0029733901   -1.3192717312   -1.9069510098
  -0.5279733901   -0.4099450572   -2.1882976618
  -0.5793394403   -1.6234275682    2.3006779163
   0.4706605597   -1.6234275682    2.0193312643
  -0.0543394403   -0.7141008942    2.0193312643
  -1.1043394403   -0.7141008942    2.0193312643
  -1.6293394403   -1.6234275682    2.0193312643
  -1.1043394403   -2.5327542421    2.0193312643
  -0.0543394403   -2.5327542421    2.0193312643
  -2.3243245490   -2.1358014259    1.2506779163
  -1.7703041065   -2.9978740618    1.2506779163
  -0.8381607973   -3.4235696473    1.2506779163
  -2.1512120114   -3.0159851505    0.2006779163
  -1.3240097030   -3.5869616778    0.2006779163
  -0.3262124117   -3.7081162038    0.2006779163
  -1.7703041065   -2.9978740618   -0.8493220837
  -0.8381607973   -3.4235696473   -0.8493220837
   0.1761564639   -3.2777328419   -0.8493220837
   0.4706605597   -1.6234275682   -1.6179754316
  -1.1043394403   -2.5327542421   -1.6179754316
  -0.0543394403   -2.5327542421   -1.6179754316
  -0.5793394403   -1.6234275682   -1.8993220837
   0.6147189115    0.3951940601    1.9062551619
   1.6647189115    0.3951940601   -2.0123981860
   1.1397189115   -0.5141326139   -2.0123981860
   0.6147189115    0.3951940601   -2.2937448381
   2.4327136715    0.9973200873    1.9826307953
   1.3827136715    0.9973200873    1.9826307953
   2.4327136715   -0.8213332607   -1.6546759006
   1.9077136715    0.0879934133   -1.9360225526
   2.2013628880   -0.9700049180    2.8825117844
   2.7263628880   -0.0606782440    2.6011651323
   1.6763628880   -0.0606782440    2.6011651323
   1.1513628880   -0.9700049180    2.6011651323
   1.6763628880   -1.8793315920    2.6011651323
   2.7263628880   -1.8793315920    2.6011651323
   0.4563777792   -0.4576310603    1.8325117844
   1.9425415309   -2.7701469972    1.8325117844
   2.9568587922   -2.6243101918    1.8325117844
   2.4544899165   -3.0546935536    0.7825117844
   1.9425415309   -2.7701469972   -0.2674882156
   2.9568587922   -2.6243101918   -0.2674882156
   1.6763628880   -1.8793315920   -1.0361415636
   2.7263628880   -1.8793315920   -1.0361415636
   2.7898725811    1.0999581666    1.9014562722
   3.8398725811    1.0999581666    1.6201096201
   3.3148725811    2.0092848405    1.6201096201
   2.2648725811    2.0092848405    1.6201096201
   3.5453684853    2.7542634403    0.8514562722
   2.5310512240    2.9001002457    0.8514562722
   1.5989079149    2.4744046602    0.8514562722
   3.9828085493    2.8282242849   -0.1985437278
   3.0429996097    3.1846468022   -0.1985437278
   2.0452023183    3.0634922762   -0.1985437278
   4.3198211351    2.0831963993   -1.2485437278
   3.5453684853   -0.5543471072   -1.2485437278
   3.3148725811    0.1906314926   -2.0171970758
  -3.5673738376    2.6075630881    1.4567828944
  -2.4910356559    3.6006385191    0.6167828944
  -3.5673738376    3.4108510573    0.6167828944
  -4.2699036916    2.5736085799    0.6167828944
  -4.2699036916    1.4806661469    0.6167828944
  -2.4910356559    3.6006385191   -0.4215142067
  -3.5673738376    3.4108510573   -0.4215142067
  -4.2699036916    2.5736085799   -0.4215142067
  -2.4633385021    2.9662859139   -1.2615142067
  -3.5673738376    2.6075630881   -1.2615142067
  -2.7684863639    2.0271373634   -1.5823656561
  -2.3986572310    0.9799430966    3.1474651705
  -1.4111780071    0.9799430966    2.8266137211
  -2.0935093692    1.9190916471    2.8266137211
  -3.1975447047    1.5603688213    2.8266137211
  -3.1975447047    0.3995173719    2.8266137211
  -2.0935093692    0.0407945460    2.8266137211
  -3.1975447047    2.3636567905    1.9866137211
  -3.9000745587    1.5264143131    1.9866137211
  -3.9000745587    0.4334718801    1.9866137211
  -3.1975447047   -0.4037705974    1.9866137211
  -2.1212065230   -0.5935580592    1.9866137211
  -1.1746906112   -0.0470868427    1.9866137211
  -3.9000745587    0.4334718801    0.9483166200
  -1.1497360672    1.9971888610    2.4463724987
  -0.1622568433    1.9971888610    2.1255210492
  -0.8445882054    2.9363374116    2.1255210492
   0.4480388802    1.9971888610    1.2855210492
   0.0742305526    3.0242188003    1.2855210492
  -0.8722853592    3.5706900168    1.2855210492
  -1.9486235408    3.3809025550    1.2855210492
   0.0742305526    3.0242188003    0.2472239481
  -0.8722853592    3.5706900168    0.2472239481
  -0.8445882054    2.9363374116   -0.5927760519
  -3.3599502833   -2.5916108375   -0.9793683838
  -2.2836121017   -2.7813982993   -0.9793683838
  -0.9632878622   -1.2078971436   -2.0176654849
  -4.0624801373   -1.7543683601   -2.0176654849
  -3.3599502833   -2.5916108375   -2.0176654849
  -2.2836121017   -2.7813982993   -2.0176654849
  -1.3370961898   -2.2349270828   -2.0176654849
  -1.5735835858   -1.2078971436   -2.8576654849
  -2.2559149478   -0.2687485930   -2.8576654849
  -3.3599502833   -0.6274714189   -2.8576654849
  -3.3599502833   -1.7883228683   -2.8576654849
  -2.2559149478   -2.1470456941   -2.8576654849
  -2.5610628096   -1.2078971436   -3.1785169343
  -4.3954228980    0.7554503924    0.2014893373
  -4.3954228980    1.5587383617   -0.6385106627
  -5.0979527520    0.7214958842   -0.6385106627
  -5.0979527520   -0.3714465488   -0.6385106627
  -3.3190847163    1.7485258235   -1.6768077638
  -4.3954228980    1.5587383617   -1.6768077638
  -5.0979527520    0.7214958842   -1.6768077638
  -5.0979527520   -0.3714465488   -1.6768077638
  -3.2913875625    1.1141732183   -2.5168077638
  -4.3954228980    0.7554503924   -2.5168077638
  -4.3954228980   -0.4054010570   -2.5168077638
  -3.5965354243    0.1750246677   -2.8376592133
  -3.2318185345   -1.0035077120    1.7892152301
  -2.2443393106   -1.0035077120    1.4683637807
  -4.0307060082   -0.4230819873    1.4683637807
  -4.0307060082   -1.5839334367    1.4683637807
  -2.9266706727   -1.9426562626    1.4683637807
  -4.7332358622   -0.4570364955    0.6283637807
  -4.7332358622   -1.5499789285    0.6283637807
  -4.0307060082   -2.3872214060    0.6283637807
  -2.9543678265   -2.5770088678    0.6283637807
  -4.7332358622   -1.5499789285   -0.4099333204
  -4.0307060082   -2.3872214060   -0.4099333204
  -2.9543678265   -2.5770088678   -0.4099333204
   0.6369337697   -2.9406384459    1.7331291118
   0.6092366159   -3.5749910511    0.8931291118
   1.5557525278   -3.0285198346    0.8931291118
   0.6092366159   -3.5749910511   -0.1451679893
   1.5557525278   -3.0285198346   -0.1451679893
   1.3192651318   -2.0014898953   -0.9851679893
   0.6369337697   -2.9406384459   -0.9851679893
   0.7381581427    2.8530961989   -0.0994841897
   0.7381581427    2.8530961989   -1.1377812908
  -0.3381800389    2.6633087371   -1.1377812908
   0.7658552965    2.2187435937   -1.9777812908
  -0.3381800389    1.8600207679   -1.9777812908
   0.4607074347    1.2795950432   -2.2986327403
   4.1737606676   -1.0468805407    2.3073738115
   3.4914293055   -0.1077319901    2.3073738115
   3.4914293055   -1.9860290912    2.3073738115
   4.7840563911   -1.0468805407    1.4673738115
   4.4102480635   -0.0198506014    1.4673738115
   3.4637321517   -2.6203816964    1.4673738115
   4.4102480635   -2.0739104799    1.4673738115
   4.7840563911   -1.0468805407    0.4290767104
   3.4637321517   -2.6203816964    0.4290767104
   4.4102480635   -2.0739104799    0.4290767104
   4.1737606676   -1.0468805407   -0.4109232896
   4.7384304200    0.8550626950    1.2629429594
   5.3487261435    0.8550626950    0.4229429594
   4.9749178159    1.8820926343    0.4229429594
   4.9749178159   -0.1719672442    0.4229429594
   5.3487261435    0.8550626950   -0.6153541417
   4.9749178159    1.8820926343   -0.6153541417
   4.0284019041   -0.7184384607   -0.6153541417
   4.9749178159   -0.1719672442   -0.6153541417
   4.7384304200    0.8550626950   -1.4553541417
   4.0560990579   -0.0840858555   -1.4553541417
   3.8394411726    2.5529755119   -1.6033440063
   2.8929252608    3.0994467284   -1.6033440063
   1.8165870792    2.9096592667   -1.6033440063
   3.6029537767    1.5259455727   -2.4433440063
   2.9206224146    2.4650941232   -2.4433440063
   1.8165870792    2.1063712974   -2.4433440063
   1.8165870792    0.9455198480   -2.4433440063
   2.9206224146    0.5867970221   -2.4433440063
   2.6154745529    1.5259455727   -2.7641954558
  -0.9703090411    1.3869355947    2.6962714773
  -1.4909695280    2.2887460115    2.6962714773
  -2.2786689453    3.2442321513    2.0303217188
  -3.2404077872    2.8050207389    2.0303217188
  -2.5322905019    3.6680982361    1.0679964359
  -4.3514570042    1.3869355947    1.0679964359
  -1.2321471299    3.0937650301   -0.9624293301
  -0.8939027596    2.0431288986   -1.9154100001
  -1.9404245751    2.1935960198   -1.9154100001
  -0.6320646708    0.3362994631   -2.5813597586
  -1.1527251578    1.2381098800   -2.5813597586
  -2.1940461317    1.2381098800   -2.5813597586
  -1.6733856447    0.3362994631   -2.8190344756
  -5.1706432005   -0.4764892087   -0.2179863448
  -4.9389274849   -1.4917020917   -1.2860868278
  -4.2896744772   -2.3058396124   -1.2860868278
  -2.3101557244    0.4253212082   -2.9143618693
  -0.5279733901   -0.4099450572    2.3117023382
  -0.0073129031   -1.3117554741   -2.2506229448
  -0.5279733901   -0.4099450572   -2.4882976618
  -0.5793394403   -1.6234275682    2.6006779163
   0.4619815336   -1.6234275682    2.3630031993
  -0.0586789533   -0.7216171513    2.3630031993
  -1.0999999272   -0.7216171513    2.3630031993
  -1.6206604141   -1.6234275682    2.3630031993
  -1.0999999272   -2.5252379850    2.3630031993
  -0.0586789533   -2.5252379850    2.3630031993
  -2.3797277938   -2.1520692863    1.6970534408
  -1.8081172125   -3.0415127124    1.6970534408
  -0.8463783706   -3.4807241249    1.6970534408
  -2.0381977062   -3.4527779719    0.7347281578
  -1.0999999272   -3.9045902097    0.7347281578
  -0.0586789533   -3.9045902097    0.7347281578
  -2.0381977062   -3.4527779719   -0.3333723251
  -1.0999999272   -3.9045902097   -0.3333723251
  -0.0586789533   -3.9045902097   -0.3333723251
  -1.8081172125   -3.0415127124   -1.2956976081
  -0.8463783706   -3.4807241249   -1.2956976081
   0.2001434448   -3.3302570036   -1.2956976081
   0.4619815336   -1.6234275682   -1.9616473666
  -1.0999999272   -2.5252379850   -1.9616473666
  -0.0586789533   -2.5252379850   -1.9616473666
  -0.5793394403   -1.6234275682   -2.1993220837
   0.6147189115    0.3951940601    2.2062551619
   1.6560398854    0.3951940601   -2.3560701210
   1.1353793984   -0.5066163568   -2.3560701210
   0.6147189115    0.3951940601   -2.5937448381
   2.4283741585    0.9898038302    2.3263027303
   1.3870531846    0.9898038302    2.3263027303
   3.4862380636   -0.9264626150   -1.3323980771
   2.4283741585   -0.8138170036   -1.9983478356
   1.9077136715    0.0879934133   -2.2360225526
   2.2013628880   -0.9700049180    3.1825117844
   3.2426838619   -0.9700049180    2.9448370673
   2.7220233749   -0.0681945011    2.9448370673
   1.6807024010   -0.0681945011    2.9448370673
   1.1600419141   -0.9700049180    2.9448370673
   1.6807024010   -1.8718153349    2.9448370673
   2.7220233749   -1.8718153349    2.9448370673
   2.9808457731    0.7368245174    2.2788873088
   0.4009745344   -0.4413631998    2.2788873088
   0.9725851157   -2.3880900622    2.2788873088
   1.9343239576   -2.8273014747    2.2788873088
   2.9808457731   -2.6768343534    2.2788873088
   1.6807024010   -3.2511675595    1.3165620259
   2.7220233749   -3.2511675595    1.3165620259
   2.7220233749   -3.2511675595    0.2484615429
   3.6602211539   -2.7993553217    0.2484615429
   1.9343239576   -2.8273014747   -0.7138637401
   2.9808457731   -2.6768343534   -0.7138637401
   3.7798872801   -1.9844609463   -0.7138637401
   1.6807024010   -1.8718153349   -1.3798134986
   2.7220233749   -1.8718153349   -1.3798134986
   2.7898725811    1.0999581666    2.2014562722
   3.8311935550    1.0999581666    1.9637815552
   3.3105330681    2.0017685834    1.9637815552
   2.2692120942    2.0017685834    1.9637815552
   4.3683969732    2.1144141949    1.2978317967
   3.5693554662    2.8067876020    1.2978317967
   2.5228336508    2.9572547233    1.2978317967
   1.5610948089    2.5180433108    1.2978317967
   4.2487308470    2.9293085703    0.3355065137
   3.3105330681    3.3811208081    0.3355065137
   2.2692120942    3.3811208081    0.3355065137
   1.3310143152    2.9293085703    0.3355065137
   4.2487308470    2.9293085703   -0.7325939693
   3.3105330681    3.3811208081   -0.7325939693
   4.3683969732    2.1144141949   -1.6949192523
   3.5693554662   -0.6068712689   -1.6949192523
   3.3105330681    0.1981477497   -2.3608690108
  -3.2823101731    3.6085244422    1.0576343439
  -4.1136945608    3.0044883274    1.0576343439
  -4.4312551391    2.0271373634    1.0576343439
  -2.7684863639    3.9471373634    0.0976343439
  -3.7284863639    3.6899061386    0.0976343439
  -4.4312551391    2.9871373634    0.0976343439
  -4.6884863639    2.0271373634    0.0976343439
  -2.2546625546    3.6085244422   -0.8623656561
  -3.2823101731    3.6085244422   -0.8623656561
  -4.1136945608    3.0044883274   -0.8623656561
  -4.4312551391    2.0271373634   -0.8623656561
  -2.2884863639    2.8585217510   -1.5651344314
  -3.2484863639    2.8585217510   -1.5651344314
  -2.7684863639    2.0271373634   -1.8223656561
  -2.3986572310    0.9799430966    3.3874651705
  -1.4386572310    0.9799430966    3.1302339458
  -1.9186572310    1.8113274842    3.1302339458
  -2.8786572310    1.8113274842    3.1302339458
  -3.3586572310    0.9799430966    3.1302339458
  -2.8786572310    0.1485587090    3.1302339458
  -1.9186572310    0.1485587090    3.1302339458
  -2.9124810403    2.5613301754    2.4274651705
  -3.7438654279    1.9572940607    2.4274651705
  -4.0614260062    0.9799430966    2.4274651705
  -3.7438654279    0.0025921325    2.4274651705
  -2.9124810403   -0.6014439822    2.4274651705
  -1.8848334217   -0.6014439822    2.4274651705
  -1.0534490341    0.0025921325    2.4274651705
  -4.3186572310    0.9799430966    1.4674651705
  -0.1897360672    1.9971888610    2.4291412740
  -0.6697360672    2.8285732487    2.4291412740
  -1.6297360672    2.8285732487    2.4291412740
   0.5130327081    1.9971888610    1.7263724987
   0.1954721298    2.9745398251    1.7263724987
  -0.6359122579    3.5785759399    1.7263724987
  -1.6635598764    3.5785759399    1.7263724987
   0.5130327081    2.9571888610    0.7663724987
  -0.1897360672    3.6599576363    0.7663724987
  -1.1497360672    3.9171888610    0.7663724987
  -0.6359122579    3.5785759399   -0.1936275013
  -0.6697360672    2.8285732487   -0.8963962766
  -3.5210628096   -2.8706659189   -1.4985169343
  -2.5610628096   -3.1278971436   -1.4985169343
  -0.8982940343   -1.2078971436   -2.4585169343
  -3.9062710065   -2.1852481077   -2.4585169343
  -3.0748866189   -2.7892842224   -2.4585169343
  -2.0472390003   -2.7892842224   -2.4585169343
  -1.2158546127   -2.1852481077   -2.4585169343
  -1.6010628096   -1.2078971436   -3.1612857096
  -2.0810628096   -0.3765127560   -3.1612857096
  -3.0410628096   -0.3765127560   -3.1612857096
  -3.5210628096   -1.2078971436   -3.1612857096
  -3.0410628096   -2.0392815312   -3.1612857096
  -2.0810628096   -2.0392815312   -3.1612857096
  -2.5610628096   -1.2078971436   -3.4185169343
  -4.9417436212    1.1523756318   -0.1976592133
  -5.2593041995    0.1750246677   -0.1976592133
  -4.5565354243    1.8377934430   -1.1576592133
  -5.2593041995    1.1350246677   -1.1576592133
  -5.5165354243    0.1750246677   -1.1576592133
  -5.2593041995   -0.7849753323   -1.1576592133
  -3.0827116150    1.7564117465   -2.1176592133
  -4.1103592335    1.7564117465   -2.1176592133
  -4.9417436212    1.1523756318   -2.1176592133
  -5.2593041995    0.1750246677   -2.1176592133
  -4.9417436212   -0.8023262964   -2.1176592133
  -3.1165354243    1.0064090554   -2.8204279885
  -4.0765354243    1.0064090554   -2.8204279885
  -4.5565354243    0.1750246677   -2.8204279885
  -4.0765354243   -0.6563597199   -2.8204279885
  -3.5965354243    0.1750246677   -3.0776592133
  -3.2318185345   -1.0035077120    2.0292152301
  -4.1918185345   -1.0035077120    1.7719840054
  -3.7118185345   -1.8348920996    1.7719840054
  -2.7518185345   -1.8348920996    1.7719840054
  -4.5770267314   -0.0261567479    1.0692152301
  -4.8945873097   -1.0035077120    1.0692152301
  -4.5770267314   -1.9808586761    1.0692152301
  -3.7456423438   -2.5848947908    1.0692152301
  -2.7179947252   -2.5848947908    1.0692152301
  -5.1518185345   -1.0035077120    0.1092152301
  -4.8945873097   -1.9635077120    0.1092152301
  -4.1918185345   -2.6662764873    0.1092152301
  -3.2318185345   -2.9235077120    0.1092152301
   0.8117859080   -2.8328742830    2.0367493365
   0.8456097172   -3.5828769742    1.3339805613
   0.3317859080   -3.9214898953    0.3739805613
   1.2917859080   -3.6642586706    0.3739805613
   0.8456097172   -3.5828769742   -0.5860194387
   1.6769941049   -2.9788408594   -0.5860194387
   1.2917859080   -2.0014898953   -1.2887882140
   0.9745312440    2.8609821220    0.3413672597
   0.4607074347    3.1995950432   -0.6186327403
   0.9745312440    2.8609821220   -1.5786327403
  -0.0531163745    2.8609821220   -1.5786327403
   0.9407074347    2.1109794308   -2.2814015155
  -0.0192925653    2.1109794308   -2.2814015155
   0.4607074347    1.2795950432   -2.5386327403
   4.1462814437   -1.0468805407    2.6109940362
   3.6662814437   -0.2154961530    2.6109940362
   3.6662814437   -1.8782649283    2.6109940362
   4.8490502190   -1.0468805407    1.9082252609
   4.5314896406   -0.0695295766    1.9082252609
   3.7001052530   -2.6282676195    1.9082252609
   4.5314896406   -2.0242315047    1.9082252609
   5.1062814437   -1.0468805407    0.9482252609
   4.1462814437   -2.7096493159    0.9482252609
   4.8490502190   -2.0068805407    0.9482252609
   4.8490502190   -1.0468805407   -0.0117747391
   4.5314896406   -2.0242315047   -0.0117747391
   4.1462814437   -1.0468805407   -0.7145435143
   4.7109511961    0.8550626950    1.5665631841
   5.4137199714    0.8550626950    0.8637944088
   5.0961593930    1.8324136591    0.8637944088
   5.0961593930   -0.1222882691    0.8637944088
   5.6709511961    0.8550626950   -0.0962055912
   5.4137199714    1.8150626950   -0.0962055912
   5.4137199714   -0.1049373050   -0.0962055912
   5.4137199714    0.8550626950   -1.0562055912
   5.0961593930    1.8324136591   -1.0562055912
   4.2647750054   -0.7263243838   -1.0562055912
   5.0961593930   -0.1222882691   -1.0562055912
   4.7109511961    0.8550626950   -1.7589743664
   3.5754745529    3.1887143480   -1.0841954558
   2.6154745529    3.4459455727   -1.0841954558
   1.6554745529    3.1887143480   -1.0841954558
   4.2782433281    1.5259455727   -2.0441954558
   3.9606827498    2.5032965368   -2.0441954558
   3.1292983621    3.1073326515   -2.0441954558
   2.1016507436    3.1073326515   -2.0441954558
   1.2702663559    2.5032965368   -2.0441954558
   3.5754745529    1.5259455727   -2.7469642311
   3.0954745529    2.3573299603   -2.7469642311
   2.1354745529    2.3573299603   -2.7469642311
   1.6554745529    1.5259455727   -2.7469642311
   2.1354745529    0.6945611851   -2.7469642311
   3.0954745529    0.6945611851   -2.7469642311
   2.6154745529    1.5259455727   -3.0041954558
  -1.4950073813    2.2817522445    3.0284209321
  -2.2833358404    3.2766911197    2.4431345036
  -3.2618824724    2.8298038467    2.4431345036
  -2.5667028634    3.8188686427    1.5671914618
  -2.0116300150    4.0869355947    0.5339461944
  -1.4565571666    3.8188686427   -0.4992990730
  -1.2185245287    3.1235943659   -1.3752421148
  -0.8802801584    2.0729582344   -2.3282227848
  -1.9450914702    2.2260549882   -2.3282227848
  -0.6401403773    0.3362994631   -2.9135092134
  -1.1567630110    1.2311161130   -2.9135092134
  -2.1900082784    1.2311161130   -2.9135092134
  -1.6733856447    0.3362994631   -3.1190344756
  -5.3252909491   -0.4764892087    0.2812086811
  -5.3252909491   -1.5097344761   -0.7520365863
  -4.7400045205   -2.3856775179   -0.7520365863
  -3.8640614787   -2.9709639465   -0.7520365863
  -5.0782602918   -1.5588012351   -1.7852818537
  -4.3860957713   -2.4267480909   -1.7852818537
  -4.6626689793   -1.0143697126   -2.6612248955
  -2.3141935776    0.4183274412   -3.2465113241
  -3.8640614787   -0.4764892087   -3.2465113241
  -0.0113507564   -1.3047617071   -2.5827723996
  -0.5279733901   -0.4099450572   -2.7882976618
  -0.5793394403   -1.6234275682    2.9006779163
  -0.0627168066   -0.7286109183    2.6951526541
  -1.0959620739   -0.7286109183    2.6951526541
  -1.6125847076   -1.6234275682    2.6951526541
  -1.0959620739   -2.5182442181    2.6951526541
  -0.0627168066   -2.5182442181    2.6951526541
  -2.4111922082   -1.0855470643    2.1098662255
  -2.4111922082   -2.1613080720    2.1098662255
  -1.8295918977   -3.0662958202    2.1098662255
  -0.8510452657   -3.5131830932    2.1098662255
   0.2137660460   -3.3600863394    2.1098662255
  -2.1346190003   -3.5736864504    1.2339231837
  -1.1344122886   -4.0553606163    1.2339231837
  -0.0242665919   -4.0553606163    1.2339231837
  -2.4885277495   -3.5326158774    0.2006779163
  -1.6125847076   -4.1179023059    0.2006779163
  -0.5793394403   -4.3234275682    0.2006779163
  -2.1346190003   -3.5736864504   -0.8325673510
  -1.1344122886   -4.0553606163   -0.8325673510
  -0.0242665919   -4.0553606163   -0.8325673510
  -0.8510452657   -3.5131830932   -1.7085103929
   0.2137660460   -3.3600863394   -1.7085103929
   1.0267719697   -2.6556126963   -1.7085103929
   0.4539058271   -1.6234275682   -2.2937968214
  -0.0627168066   -2.5182442181   -2.2937968214
   1.4078243978   -1.3414647111   -2.1029331473
   1.6479641789    0.3951940601   -2.6882195758
   1.1313415452    1.2900107100   -2.6882195758
   1.1313415452   -0.4996225898   -2.6882195758
   0.6147189115    0.3951940601   -2.8937448381
   2.4243363052    0.9828100632    2.6584521852
   1.3910910378    0.9828100632    2.6584521852
   1.6360078461   -1.8017621118   -1.7452108618
   2.4243363052   -0.8068232366   -2.3304972904
   2.2013628880   -0.9700049180    3.4825117844
   3.2346081554   -0.9700049180    3.2769865221
   2.7179855217   -0.0751882681    3.2769865221
   1.6847402543   -0.0751882681    3.2769865221
   1.1681176206   -0.9700049180    3.2769865221
   1.6847402543   -1.8648215679    3.2769865221
   2.7179855217   -1.8648215679    3.2769865221
   2.9944683743    0.7666538532    2.6917000936
   0.9511104306    0.4728633340    2.6917000936
   0.3695101200   -0.4321244142    2.6917000936
   0.9511104306   -2.4128731700    2.6917000936
   1.9296570625   -2.8597604430    2.6917000936
   2.9944683743   -2.7066636892    2.6917000936
   1.6462900396   -3.4019379661    1.8157570517
   2.7564357363   -3.4019379661    1.8157570517
   2.2013628880   -3.6700049180    0.7825117844
   3.2346081554   -3.4644796558    0.7825117844
   2.7564357363   -3.4019379661   -0.2507334830
   3.7566424480   -2.9202638002   -0.2507334830
   1.9296570625   -2.8597604430   -1.1266765248
   2.9944683743   -2.7066636892   -1.1266765248
   3.8074742979   -2.0021900462   -1.1266765248
   1.6847402543   -1.8648215679   -1.7119629534
   2.7179855217   -1.8648215679   -1.7119629534
   3.8231178485    1.0999581666    2.2959310100
   3.3064952148    1.9947748165    2.2959310100
   2.2732499474    1.9947748165    2.2959310100
   4.3959839911    2.1321432947    1.7106445814
   3.5829780674    2.8366169378    1.7106445814
   2.5181667557    2.9897136916    1.7106445814
   1.5396201237    2.5428264186    1.7106445814
   4.3451521411    3.0502170488    0.8347015396
   3.3449454295    3.5318912147    0.8347015396
   2.2347997328    3.5318912147    0.8347015396
   1.2345930211    3.0502170488    0.8347015396
   4.6990608903    3.0091464758   -0.1985437278
   3.8231178485    3.5944329043   -0.1985437278
   2.7898725811    3.7999581666   -0.1985437278
   1.7566273138    3.5944329043   -0.1985437278
   5.0373166616    2.1822701929   -1.2317889952
   4.3451521411    3.0502170488   -1.2317889952
   4.6990608903    1.0999581666   -2.1077320370
   3.5829780674   -0.6367006046   -2.1077320370
   4.3959839911    0.0677730384   -2.1077320370
   3.3064952148    0.2051415167   -2.6930184656
  -3.0347026169    3.8787120734    1.1776343439
  -3.9934785920    3.4408537568    1.1776343439
  -4.5633281901    2.5541504742    1.1776343439
  -2.5081271345    4.1713885314    0.0976343439
  -3.5344329199    4.0467724476    0.0976343439
  -4.3852695799    3.4594823052    0.0976343439
  -4.8657206895    2.5440591982    0.0976343439
  -4.8657206895    1.5102155285    0.0976343439
  -1.9914048624    3.7287085021   -0.9823656561
  -3.0347026169    3.8787120734   -0.9823656561
  -3.9934785920    3.4408537568   -0.9823656561
  -4.5633281901    2.5541504742   -0.9823656561
  -2.2284863639    2.9624447995   -1.7729805283
  -3.3084863639    2.9624447995   -1.7729805283
  -2.3986572310    0.9799430966    3.6274651705
  -1.3186572310    0.9799430966    3.3380800427
  -1.8586572310    1.9152505327    3.3380800427
  -2.9386572310    1.9152505327    3.3380800427
  -3.4786572310    0.9799430966    3.3380800427
  -2.9386572310    0.0446356605    3.3380800427
  -1.8586572310    0.0446356605    3.3380800427
  -3.6236494591    2.3936594900    2.5474651705
  -4.1934990572    1.5069562074    2.5474651705
  -4.1934990572    0.4529299858    2.5474651705
  -3.6236494591   -0.4337732968    2.5474651705
  -2.6648734840   -0.8716316134    2.5474651705
  -1.6215757295   -0.7216280421    2.5474651705
  -4.4958915566    0.4630212617    1.4674651705
  -0.0697360672    1.9971888610    2.6369873709
  -0.6097360672    2.9324962971    2.6369873709
   0.4239253026    3.0085196147    1.8463724987
  -0.3726545657    3.6987599998    1.8463724987
  -1.4159523202    3.8487635710    1.8463724987
   0.7628489483    3.0009909127    0.7663724987
   0.0772837858    3.7748340114    0.7663724987
  -0.8893768378    4.1414400291    0.7663724987
  -0.3726545657    3.6987599998   -0.3136275013
  -3.3270093656   -3.2275322278   -1.4985169343
  -2.3007035803   -3.3521483116   -1.4985169343
  -3.7860550377   -2.6216135370   -2.5785169343
  -2.8272790626   -3.0594718536   -2.5785169343
  -1.7839813082   -2.9094682823   -2.5785169343
  -0.9874014398   -2.2192278972   -2.5785169343
  -1.4810628096   -1.2078971436   -3.3691318065
  -2.0210628096   -0.2725897075   -3.3691318065
  -3.6410628096   -1.2078971436   -3.3691318065
  -3.1010628096   -2.1432045797   -3.3691318065
  -2.0210628096   -2.1432045797   -3.3691318065
  -2.5610628096   -1.2078971436   -3.6585169343
  -5.3913772505    0.7020377785   -0.0776592133
  -5.2133186403    1.6073696095   -1.1576592133
  -5.6937697499    0.6919465026   -1.1576592133
  -5.6937697499   -0.3418971671   -1.1576592133
  -3.8627516773    2.0265993777   -2.2376592133
  -4.8215276524    1.5887410611   -2.2376592133
  -5.3913772505    0.7020377785   -2.2376592133
  -5.3913772505   -0.3519884431   -2.2376592133
  -3.0565354243    1.1103321038   -3.0282740855
  -4.1365354243    1.1103321038   -3.0282740855
  -4.6765354243    0.1750246677   -3.0282740855
  -3.5965354243    0.1750246677   -3.3176592133
  -3.2318185345   -1.0035077120    2.2692152301
  -4.3118185345   -1.0035077120    1.9798301023
  -3.7718185345   -1.9388151481    1.9798301023
  -2.6918185345   -1.9388151481    1.9798301023
  -5.0266603607   -0.4764946012    1.1892152301
  -5.0266603607   -1.5305208228    1.1892152301
  -4.4568107626   -2.4172241054    1.1892152301
  -3.4980347875   -2.8550824220    1.1892152301
  -5.3290528601   -1.5204295469    0.1092152301
  -4.8486017505   -2.4358526538    0.1092152301
  -3.9977650905   -3.0231427962    0.1092152301
  -2.9714593051   -3.1477588801    0.1092152301
   0.8717859080   -2.9367973314    2.2445954335
   1.1088674094   -3.7030610341    1.4539805613
   0.5921451373   -4.1457410634    0.3739805613
   1.5588057609   -3.7791350457    0.3739805613
   1.1088674094   -3.7030610341   -0.7060194387
   0.7210666641    3.4238462112   -0.6186327403
   0.1944911817    3.1311697531   -1.6986327403
  -0.7642847934    2.6933114366   -1.6986327403
   1.0007074347    2.2149024792   -2.4892476125
  -0.0792925653    2.2149024792   -2.4892476125
   0.4607074347    1.2795950432   -2.7786327403
   4.2662814437   -1.0468805407    2.8188401331
   3.7262814437   -1.9821879767    2.8188401331
   5.0568963159   -1.0468805407    2.0282252609
   4.7599428135   -0.0355497870    2.0282252609
   3.9633629452   -2.7484516794    2.0282252609
   4.7599428135   -2.0582112943    2.0282252609
   5.3462814437   -1.0468805407    0.9482252609
   4.4133012967   -2.8245256910    0.9482252609
   5.0988664591   -2.0506825923    0.9482252609
   5.0568963159   -1.0468805407   -0.1317747391
   4.7599428135   -2.0582112943   -0.1317747391
   4.8309511961    0.8550626950    1.7744092810
   5.6215660683    0.8550626950    0.9837944088
   5.3246125659    1.8663934487    0.9837944088
   5.3246125659   -0.1562680586    0.9837944088
   5.9109511961    0.8550626950   -0.0962055912
   5.6635362115    1.8588647466   -0.0962055912
   5.6635362115   -0.1487393566   -0.0962055912
   5.6215660683    0.8550626950   -1.1762055912
   5.3246125659    1.8663934487   -1.1762055912
   4.5280326976   -0.8465084437   -1.1762055912
   5.3246125659   -0.1562680586   -1.1762055912
   4.8309511961    0.8550626950   -1.9668204633
   2.8758337822    3.6701967407   -1.0841954558
   1.8495279968    3.5455806569   -1.0841954558
   4.1891359226    2.5372763263   -2.1641954558
   3.3925560543    3.2275167114   -2.1641954558
   2.3492582999    3.3775202827   -2.1641954558
   1.3904823247    2.9396619661   -2.1641954558
   3.6954745529    1.5259455727   -2.9548103280
   3.1554745529    2.4612530088   -2.9548103280
   2.0754745529    2.4612530088   -2.9548103280
   1.5354745529    1.5259455727   -2.9548103280
   2.0754745529    0.5906381366   -2.9548103280
   3.1554745529    0.5906381366   -2.9548103280
   2.6154745529    1.5259455727   -3.2441954558
  -1.4985998000    2.2755299928    3.3530240567
  -0.0832671859    1.3869355947    2.8320795237
  -2.2860646591    3.2956704706    2.8320795237
  -3.2744391125    2.8442949819    2.8320795237
  -0.3893879724    0.3443839384    2.8320795237
  -2.2832029288    3.9707792727    2.0339461944
  -3.3106681206    3.6369355947    2.0339461944
  -4.1135178226    2.9140464760    2.0339461944
  -4.5529320276    1.9271060126    2.0339461944
  -1.7390302277    4.3287558049    1.0548907274
  -2.8201463180    4.2285756460    1.0548907274
  -4.9157486037    0.8440617454    1.0548907274
  -1.7390302277    4.3287558049    0.0130016614
  -1.2087803130    3.8578529053   -0.9660538056
  -1.2105591453    3.1410361226   -1.7641871350
  -0.8705359427    2.8072167738   -1.9190344756
  -0.8723147750    2.0903999911   -2.7171678050
  -1.9478202889    2.2450343391   -2.7171678050
  -0.6473252147    0.3362994631   -3.2381123380
  -1.1603554297    1.2248938613   -3.2381123380
  -2.1864158597    1.2248938613   -3.2381123380
  -1.6733856447    0.3362994631   -3.4190344756
  -5.3721182240    0.0636812093    0.7479634137
  -5.7349348000   -1.0193630580   -0.2310920533
  -5.7349348000   -1.0193630580   -1.2729811193
  -5.3427174923   -2.0317926350   -1.2729811193
  -4.6112539977   -2.8341698661   -1.2729811193
  -5.3721182240   -1.0166596267   -2.2520365863
  -4.9327040190   -2.0036000901   -2.2520365863
  -4.6810667964   -1.0197717991   -3.0501699157
  -2.3177859963    0.4121051895   -3.5711144487
  -3.3438464263    0.4121051895   -3.5711144487
  -3.8568766413   -0.4764892087   -3.5711144487
  -0.0149431751   -1.2985394554   -2.9073755242
  -0.5793394403   -1.6234275682    3.2006779163
  -0.0663092253   -0.7348331700    3.0197557787
  -1.0923696552   -0.7348331700    3.0197557787
  -1.6053998702   -1.6234275682    3.0197557787
  -1.0923696552   -2.5120219663    3.0197557787
  -0.0663092253   -2.5120219663    3.0197557787
  -2.4295900253   -2.1667101585    2.4988112457
  -1.8421485378   -3.0807869554    2.4988112457
  -0.8537740844   -3.5321624441    2.4988112457
   0.2217314295   -3.3775280961    2.4988112457
  -2.6812272479   -3.1505384495    1.7006779163
  -1.8783775459   -3.8734275682    1.7006779163
  -0.8509123541   -4.2072712462    1.7006779163
   0.2235102617   -4.0943448788    1.7006779163
  -2.3597772267   -3.9811082256    0.7216224493
  -1.3878557433   -4.4650676195    0.7216224493
  -0.3067396530   -4.5652477784    0.7216224493
  -2.3597772267   -3.9811082256   -0.3202666167
  -1.3878557433   -4.4650676195   -0.3202666167
  -0.3067396530   -4.5652477784   -0.3202666167
   0.7375603255   -4.2681188168   -0.3202666167
  -1.8783775459   -3.8734275682   -1.2993220837
  -0.8509123541   -4.2072712462   -1.2993220837
   0.2235102617   -4.0943448788   -1.2993220837
   1.1591128704   -3.5541744608   -1.2993220837
  -0.8537740844   -3.5321624441   -2.0974554130
   0.2217314295   -3.3775280961   -2.0974554130
   1.0429026023   -2.6659792244   -2.0974554130
  -0.0663092253   -2.5120219663   -2.6183999460
   1.4157897812   -1.3589064679   -2.4918781674
   1.6407793415    0.3951940601   -3.0128227004
   1.1277491265    1.2837884582   -3.0128227004
   0.1016886965    1.2837884582   -3.0128227004
   1.1277491265   -0.4934003381   -3.0128227004
   0.6147189115    0.3951940601   -3.1937448381
   1.3946834566    0.9765878115    2.9830553097
   1.6332790274    1.9967282892    2.4621107767
   1.6332790274   -1.8207414626   -2.1341558820
   2.7087845412   -1.6661071147   -2.1341558820
   2.4207438865   -0.8006009849   -2.6551004150
   2.2013628880   -0.9700049180    3.7825117844
   3.2274233179   -0.9700049180    3.6015896467
   2.7143931030   -0.0814105198    3.6015896467
   1.6883326730   -0.0814105198    3.6015896467
   1.1753024580   -0.9700049180    3.6015896467
   1.6883326730   -1.8585993162    3.6015896467
   2.7143931030   -1.8585993162    3.6015896467
   3.8236049305    0.0725467382    3.0806451137
   3.0024337577    0.7840956100    3.0806451137
   1.9269282438    0.9387299579    3.0806451137
   0.9385537904    0.4873544693    3.0806451137
   0.3511123029   -0.4267223277    3.0806451137
   0.3511123029   -1.5132875084    3.0806451137
   0.9385537904   -2.4273643053    3.0806451137
   1.9269282438   -2.8787397939    3.0806451137
   3.0024337577   -2.7241054460    3.0806451137
   3.8236049305   -2.0125565743    3.0806451137
   1.9297899741   -3.5538485960    2.2825117844
   3.0042125900   -3.4409222286    2.2825117844
   3.9398151986   -2.9007518107    2.2825117844
   2.4739626752   -3.9118251283    1.3034563174
   3.5182626537   -3.6146961666    1.3034563174
   2.4739626752   -3.9118251283    0.2615672514
   3.5182626537   -3.6146961666    0.2615672514
   1.9297899741   -3.5538485960   -0.7174882156
   3.0042125900   -3.4409222286   -0.7174882156
   3.9398151986   -2.9007518107   -0.7174882156
   1.9269282438   -2.8787397939   -1.5156215450
   3.0024337577   -2.7241054460   -1.5156215450
   3.8236049305   -2.0125565743   -1.5156215450
   2.7143931030   -1.8585993162   -2.0365660780
   3.8159330111    1.0999581666    2.6205341346
   3.3029027961    1.9885525647    2.6205341346
   2.2768423661    1.9885525647    2.6205341346
   4.7182354102    1.0999581666    2.0995896016
   4.4121146237    2.1425098228    2.0995896016
   3.5909434508    2.8540586945    2.0995896016
   2.5154379370    3.0086930425    2.0995896016
   1.5270634836    2.5573175538    2.0995896016
   4.5283248918    3.0307050592    1.3014562722
   3.5927222831    3.5708754772    1.3014562722
   2.5182996673    3.6838018446    1.3014562722
   1.4908344755    3.3499581666    1.3014562722
   4.9732177148    3.0903402457    0.3224008052
   4.1067723469    3.7446494152    0.3224008052
   3.0624723684    4.0417783768    0.3224008052
   1.9813562781    3.9415982179    0.3224008052
   1.0094347947    3.4576388240    0.3224008052
   4.9732177148    3.0903402457   -0.7194882608
   4.1067723469    3.7446494152   -0.7194882608
   3.0624723684    4.0417783768   -0.7194882608
   1.9813562781    3.9415982179   -0.7194882608
   5.1633333026    2.1566909632   -1.6985437278
   4.5283248918    3.0307050592   -1.6985437278
   4.5283248918   -0.8307887261   -1.6985437278
   4.7182354102    1.0999581666   -2.4966770572
   3.5909434508   -0.6541423614   -2.4966770572
   4.4121146237    0.0574065103   -2.4966770572
   3.3029027961    0.2113637684   -3.0176215902
  -3.9972641361    3.4452225076    1.5940098683
  -4.5688747174    2.5557790816    1.5940098683
  -3.2891468508    4.3083000049    0.6316845854
  -4.2273446298    3.8564877671    0.6316845854
  -4.8765976375    3.0423502464    0.6316845854
  -5.1083133531    2.0271373634    0.6316845854
  -2.2478258769    4.3083000049   -0.4364158976
  -3.2891468508    4.3083000049   -0.4364158976
  -4.2273446298    3.8564877671   -0.4364158976
  -4.8765976375    3.0423502464   -0.4364158976
  -5.1083133531    2.0271373634   -0.4364158976
  -1.9890034788    3.7339667988   -1.3987411806
  -3.0355252942    3.8844339201   -1.3987411806
  -3.9972641361    3.4452225076   -1.3987411806
  -4.5688747174    2.5557790816   -1.3987411806
  -2.2478258769    2.9289477802   -2.0646909391
  -3.2891468508    2.9289477802   -2.0646909391
  -2.3986572310    0.9799430966    3.8674651705
  -1.3573362571    0.9799430966    3.6297904535
  -1.8779967440    1.8817535135    3.6297904535
  -2.9193177179    1.8817535135    3.6297904535
  -3.4399782049    0.9799430966    3.6297904535
  -2.9193177179    0.0781326797    3.6297904535
  -1.8779967440    0.0781326797    3.6297904535
  -3.6274350032    2.3980282408    2.9638406950
  -4.1990455845    1.5085848148    2.9638406950
  -4.1990455845    0.4513013784    2.9638406950
  -3.6274350032   -0.4381420476    2.9638406950
  -2.6656961613   -0.8773534601    2.9638406950
  -1.6191743459   -0.7268863388    2.9638406950
  -0.8201328389   -0.0345129317    2.9638406950
  -4.7384842202    0.9799430966    2.0015154120
  -4.5067685046   -0.0352697864    2.0015154120
  -0.1084150933    1.9971888610    2.9286977817
  -0.6290755802    2.8989992779    2.9286977817
   0.4287883249    3.0116448893    2.2627480232
  -0.3702531821    3.7040182965    2.2627480232
  -1.4167749975    3.8544854177    2.2627480232
   0.9583752064    3.0124017440    1.3004227402
   0.3091221988    3.8265392648    1.3004227402
  -0.6290755802    4.2783515025    1.3004227402
  -1.6703965541    4.2783515025    1.3004227402
   0.3091221988    3.8265392648    0.2323222572
  -0.6290755802    4.2783515025    0.2323222572
  -0.3702531821    3.7040182965   -0.7300030258
  -3.0817232965   -3.4890597851   -0.9644666928
  -4.0199210755   -3.0372475473   -2.0325671758
  -3.0817232965   -3.4890597851   -2.0325671758
  -2.0404023227   -3.4890597851   -2.0325671758
  -0.6846672517   -1.2078971436   -2.9948924588
  -3.7898405818   -2.6259822878   -2.9948924588
  -2.8281017400   -3.0651937003   -2.9948924588
  -1.7815799245   -2.9147265790   -2.9948924588
  -0.9825384175   -2.2223531719   -2.9948924588
  -1.5197418357   -1.2078971436   -3.6608422173
  -2.0404023227   -0.3060867267   -3.6608422173
  -3.6023837835   -1.2078971436   -3.6608422173
  -3.0817232965   -2.1097075605   -3.6608422173
  -2.0404023227   -2.1097075605   -3.6608422173
  -2.5610628096   -1.2078971436   -3.8985169343
  -5.3969237778    0.7036663859    0.3387163112
  -5.7046466979    1.1902375507   -0.6236089718
  -5.9363624135    0.1750246677   -0.6236089718
  -5.0553936902    2.0043750714   -1.6917094548
  -5.7046466979    1.1902375507   -1.6917094548
  -5.9363624135    0.1750246677   -1.6917094548
  -5.7046466979   -0.8401882153   -1.6917094548
  -3.8635743546    2.0323212244   -2.6540347377
  -4.8253131965    1.5931098119   -2.6540347377
  -5.3969237778    0.7036663859   -2.6540347377
  -5.3969237778   -0.3536170505   -2.6540347377
  -3.0758749373    1.0768350846   -3.3199844962
  -4.1171959112    1.0768350846   -3.3199844962
  -4.6378563982    0.1750246677   -3.3199844962
  -4.2731395084   -1.0035077120    2.2715405131
  -3.7524790214   -1.9053181289    2.2715405131
  -5.0322068880   -0.4748659938    1.6055907546
  -5.0322068880   -1.5321494302    1.6055907546
  -4.4605963067   -2.4215928562    1.6055907546
  -3.4988574648   -2.8608042687    1.6055907546
  -5.5716455237   -1.0035077120    0.6432654716
  -5.3399298081   -2.0187205950    0.6432654716
  -4.6906768004   -2.8328581157    0.6432654716
  -3.7524790214   -3.2846703535    0.6432654716
  -4.6906768004   -2.8328581157   -0.4248350114
   1.1112687931   -3.7083193308    1.8703560857
   0.8524463949   -4.2826525368    0.9080308028
   0.8524463949   -4.2826525368   -0.1600696802
   1.7906441739   -3.8308402991   -0.1600696802
   0.9813679217    3.5607576846   -0.0845824988
   0.9813679217    3.5607576846   -1.1526829818
  -0.0599530522    3.5607576846   -1.1526829818
   0.1936685044    3.1368915998   -2.1150082647
  -0.7680703375    2.6976801874   -2.1150082647
   0.9813679217    2.1814054600   -2.7809580232
  -0.0599530522    2.1814054600   -2.7809580232
   4.2276024176   -1.0468805407    3.1105505439
   5.0626770016   -1.0468805407    2.4446007854
   4.7648058358   -0.0324245123    2.4446007854
   3.9657643288   -2.7537099761    2.4446007854
   4.7648058358   -2.0613365690    2.4446007854
   5.5261084330   -1.0468805407    1.4822755024
   4.6451397096   -2.8762309444    1.4822755024
   5.2943927173   -2.0620934236    1.4822755024
   5.5261084330   -1.0468805407    0.4141750194
   4.6451397096   -2.8762309444    0.4141750194
   5.2943927173   -2.0620934236    0.4141750194
   4.7648058358   -2.0613365690   -0.5481502635
   4.7922721700    0.8550626950    2.0661196918
   5.6273467540    0.8550626950    1.4001699333
   5.3294755882    1.8695187233    1.4001699333
   6.0907781854    0.8550626950    0.4378446503
   5.8590624697    1.8702755780    0.4378446503
   5.8590624697   -0.1601501880    0.4378446503
   6.0907781854    0.8550626950   -0.6302558327
   5.8590624697    1.8702755780   -0.6302558327
   5.2098094620   -0.9742877087   -0.6302558327
   5.8590624697   -0.1601501880   -0.6302558327
   5.6273467540    0.8550626950   -1.5925811156
   5.3294755882   -0.1593933333   -1.5925811156
   3.1361350398    3.8071082142   -1.6182456973
   2.0948140659    3.8071082142   -1.6182456973
   1.1566162870    3.3552959764   -1.6182456973
   4.1939989449    2.5404016010   -2.5805709803
   3.3949574379    3.2327750081   -2.5805709803
   2.3484356225    3.3832421294   -2.5805709803
   1.3866967806    2.9440307169   -2.5805709803
   3.6567955267    1.5259455727   -3.2465207388
   3.1361350398    2.4277559896   -3.2465207388
   2.0948140659    2.4277559896   -3.2465207388
   1.5741535790    1.5259455727   -3.2465207388
   2.0948140659    0.6241351558   -3.2465207388
   3.1361350398    0.6241351558   -3.2465207388
   2.6154745529    1.5259455727   -3.4841954558
