   0.0058403864
   0.0205324547
   0.0186406953
   0.0215837338
   0.0213662960
   0.0178091869
   0.0240200568
   0.0044062264
  -0.0040037194
  -0.0175299586
   0.0037170845
   0.0033109577
  -0.0111327539
   0.0055973800
  -0.0111466721
   0.0042655214
   0.0204658053
   0.0195651746
   0.0194533566
   0.0205546018
   0.0198074356
   0.0201833933
   0.0200707933
   0.0189137883
   0.0214031096
   0.0219645541
   0.0079311260
   0.0126001806
   0.0172666016
   0.0082537220
   0.0144723247
   0.0178872412
   0.0209125190
   0.0142010507
   0.0195331236
   0.0292890554
   0.0199237273
   0.0264965625
   0.0198267801
   0.0229737148
   0.0244274198
   0.0110844473
   0.0162145974
   0.0201655493
   0.0214913885
   0.0208599660
   0.0153409289
   0.0190983320
   0.0213363577
   0.0170035603
   0.0174164576
   0.0184958243
   0.0179907580
   0.0170619750
   0.0147468075
   0.0223586901
   0.0191921257
   0.0168368610
   0.0130477501
   0.0182599106
   0.0132657673
   0.0109004930
   0.0036941590
  -0.0004728367
   0.0149873639
   0.0161115720
   0.0169257397
   0.0091131982
   0.0147880839
   0.0068480967
   0.0126967622
   0.0189478093
   0.0175347467
   0.0153013037
   0.0008181450
   0.0136900179
   0.0226788265
   0.0221745009
   0.0183772732
  -0.0006431035
   0.0033210252
   0.0104919780
   0.0007676045
   0.0125154373
   0.0227609404
   0.0076245618
  -0.0281284768
  -0.0345479574
  -0.0351013926
  -0.0132478137
  -0.0369996159
  -0.0360014611
  -0.0131241089
  -0.0123734169
   0.0242952768
  -0.0015554222
  -0.0055423624
   0.0041039661
   0.0214105614
   0.0214685213
   0.0072395037
  -0.0201436365
   0.0117899679
  -0.0165269574
  -0.0017673742
  -0.0055460113
   0.0100213346
  -0.0148739843
  -0.0499295503
  -0.0545645520
  -0.0587294282
  -0.0401676144
  -0.0300229893
  -0.0326680818
  -0.0391962299
  -0.0380879359
  -0.0624896612
  -0.0574318448
  -0.0356941374
  -0.0557622773
  -0.0563786492
  -0.0385615237
  -0.0491405501
  -0.0430028342
  -0.0194657481
  -0.0319900874
  -0.0102121801
  -0.0314845886
  -0.0310594194
  -0.0155284410
  -0.0043902569
  -0.0233104746
  -0.0261370768
  -0.0472753542
  -0.0510293848
  -0.0401617027
  -0.0162985179
  -0.0195177360
  -0.0391083033
  -0.0439168889
  -0.0400127890
  -0.0574369117
  -0.0459621038
  -0.0194293383
  -0.0351609156
  -0.0534491878
  -0.0422652863
   0.0021962321
  -0.0139336501
   0.0001178620
   0.0233761393
   0.0274412383
   0.0211816453
   0.0000379960
   0.0134748309
   0.0051750806
  -0.0118176909
   0.0090419200
   0.0201271264
  -0.0028815206
   0.0223119432
   0.0191365043
   0.0081914463
  -0.0245829589
   0.0242519631
   0.0042458044
  -0.0041529252
  -0.0272226730
   0.0251739344
   0.0301433466
   0.0215359203
   0.0330489970
   0.0345637086
   0.0293378867
   0.0323590940
   0.0318516814
   0.0211394054
   0.0208283021
   0.0040580264
   0.0049953286
   0.0099762815
   0.0170940313
   0.0179162617
   0.0050582029
   0.0144660316
   0.0122913253
   0.0158217312
   0.0145759617
   0.0082040511
  -0.0054047195
   0.0037864138
  -0.0086732429
   0.0029329502
  -0.0003134042
  -0.0011265098
   0.0170691422
   0.0174938458
   0.0176537807
   0.0168644539
   0.0170529712
   0.0172104840
   0.0173834062
   0.0177251611
   0.0171601906
   0.0171991887
   0.0164783782
   0.0207798825
   0.0189359371
   0.0204272614
   0.0090928618
   0.0032559572
   0.0077074763
   0.0115406343
   0.0146089433
   0.0026002913
   0.0097669831
   0.0136990092
   0.0162981027
   0.0083805842
   0.0142732295
   0.0189718398
   0.0167250879
   0.0187232258
   0.0204297364
   0.0097146456
   0.0131878049
   0.0164054230
   0.0182754856
   0.0188362698
   0.0194510093
   0.0099336951
   0.0134495426
   0.0161955960
   0.0177219469
   0.0181786491
   0.0156416977
   0.0148456706
   0.0156376009
   0.0149895648
   0.0140709001
   0.0134299402
   0.0197880905
   0.0169894377
   0.0157467885
   0.0143305858
   0.0124397666
   0.0107039709
   0.0193139808
   0.0156394159
   0.0126743051
   0.0094905922
   0.0131906057
   0.0085677483
   0.0017959463
  -0.0025906281
   0.0108474226
  -0.0052144621
   0.0142941875
   0.0139721829
   0.0120066732
   0.0118835423
   0.0139381028
   0.0117456732
   0.0055782370
   0.0083133744
   0.0139868366
   0.0151325355
   0.0141143304
   0.0112580709
  -0.0026528185
   0.0080405994
   0.0157688104
   0.0184563894
   0.0170408681
   0.0158213338
   0.0049665008
   0.0153400009
   0.0192672525
   0.0032880625
  -0.0145166342
  -0.0070167996
   0.0091770712
   0.0166976519
   0.0135768230
  -0.0097297787
  -0.0154527017
  -0.0237703231
  -0.0018743784
  -0.0240019632
  -0.0295326492
  -0.0300948284
   0.0052955068
  -0.0124854396
  -0.0255904268
  -0.0264523017
  -0.0080427533
   0.0149781585
   0.0242498032
  -0.0016673822
  -0.0091050880
   0.0030815131
   0.0141667146
   0.0118814462
  -0.0010261390
  -0.0196821948
  -0.0157863403
   0.0033294211
   0.0076346646
   0.0017966294
   0.0008094159
   0.0016650590
  -0.0130017016
  -0.0218117247
  -0.0368669131
  -0.0402662594
  -0.0439628408
  -0.0322139890
  -0.0237743174
  -0.0243913090
  -0.0294714428
  -0.0306570429
  -0.0472131695
  -0.0449663417
  -0.0311217849
  -0.0149171114
  -0.0063280497
  -0.0429303210
  -0.0467694253
  -0.0371087788
  -0.0192711954
  -0.0403201723
  -0.0424833725
  -0.0323869719
  -0.0369668379
  -0.0324311816
  -0.0171932164
  -0.0252182169
  -0.0123732805
  -0.0026471692
  -0.0116224463
  -0.0323384558
  -0.0311854864
  -0.0198691204
  -0.0111488434
  -0.0224372830
  -0.0226950166
  -0.0397368838
  -0.0409406877
  -0.0322877830
  -0.0151138606
  -0.0166536016
  -0.0305141526
  -0.0353205361
  -0.0353424603
  -0.0430347771
  -0.0353361819
  -0.0181251852
  -0.0127935739
  -0.0277663193
  -0.0399658541
  -0.0326066543
  -0.0261733383
  -0.0163122969
   0.0173077907
   0.0107731346
   0.0182690356
   0.0174801549
   0.0084948925
   0.0029202072
   0.0061857665
  -0.0077396834
   0.0037788628
   0.0128544298
  -0.0018765225
   0.0092985937
   0.0162758492
   0.0145582636
   0.0053185037
  -0.0174620338
   0.0191863550
   0.0087810323
   0.0020920850
  -0.0124570146
   0.0134006577
   0.0216002579
   0.0233284833
   0.0223099413
   0.0268455743
   0.0268812167
   0.0242559519
   0.0259472897
   0.0276072420
   0.0245215753
   0.0179141976
   0.0254479894
   0.0217669510
   0.0110679048
   0.0113899637
   0.0043944973
   0.0164537003
   0.0030723333
   0.0134103802
   0.0152098984
   0.0157790298
   0.0148252010
   0.0154714503
   0.0163288871
   0.0039736622
   0.0121560886
   0.0098340492
   0.0140820338
   0.0133198256
   0.0125203839
   0.0155964148
   0.0052620386
  -0.0100996439
   0.0009259239
  -0.0130408503
  -0.0008916222
  -0.0046830345
   0.0155485410
   0.0165341714
   0.0151851456
   0.0149427240
   0.0150430042
   0.0151402948
   0.0151744382
   0.0149363692
   0.0145695116
   0.0129935802
   0.0165203263
   0.0173372516
   0.0003240949
   0.0046026488
   0.0085344416
   0.0116689418
  -0.0016667102
   0.0059240489
   0.0102125658
   0.0130308911
   0.0156113933
   0.0050735431
   0.0114330323
   0.0163239188
   0.0139224529
   0.0159511268
   0.0178887062
   0.0072875017
   0.0101234465
   0.0131061890
   0.0151947212
   0.0162924275
   0.0169648121
   0.0107677420
   0.0133418066
   0.0150708209
   0.0160217717
   0.0132678303
   0.0152821151
   0.0138014852
   0.0129902249
   0.0122313509
   0.0166814201
   0.0147241998
   0.0133610849
   0.0119774862
   0.0105832852
   0.0157289989
   0.0126221647
   0.0099299585
   0.0071042713
   0.0107983183
  -0.0000912252
   0.0090407163
   0.0124094090
   0.0123587170
   0.0098218282
   0.0110542897
   0.0144890224
   0.0096725268
   0.0035751452
   0.0059821404
   0.0116173350
   0.0130340431
   0.0122923176
  -0.0071626664
   0.0037322093
   0.0116483055
   0.0157995766
   0.0158707733
   0.0146244349
   0.0079106416
   0.0008494593
   0.0067284454
   0.0121699296
   0.0146564026
   0.0191464386
   0.0192913351
   0.0144504442
   0.0000044066
   0.0119705884
   0.0044378189
  -0.0122778511
  -0.0176457918
  -0.0235209456
   0.0058991072
  -0.0050100240
  -0.0193943826
  -0.0241702060
  -0.0251247550
   0.0025219231
  -0.0104093800
  -0.0184746471
  -0.0204997447
  -0.0052342549
   0.0149935911
  -0.0058774872
  -0.0124474885
   0.0038543738
   0.0105268330
   0.0064495290
  -0.0050166151
  -0.0007885414
   0.0056226257
   0.0010300424
   0.0084948467
   0.0012108155
  -0.0153748385
  -0.0276855683
  -0.0303355056
  -0.0335033853
  -0.0255491505
  -0.0185130653
  -0.0182683498
  -0.0222671634
  -0.0247577808
  -0.0362327192
  -0.0353987212
  -0.0261685344
  -0.0147135808
  -0.0057872436
  -0.0337803473
  -0.0376157193
  -0.0311156495
  -0.0186158423
  -0.0309639229
  -0.0363236584
  -0.0321504003
  -0.0215686685
  -0.0319504775
  -0.0326782070
  -0.0253074918
  -0.0294136174
  -0.0257513358
  -0.0155454715
  -0.0223760248
  -0.0155955533
  -0.0007717779
  -0.0098394814
  -0.0123166957
  -0.0219879485
  -0.0294248477
  -0.0273467485
  -0.0178565149
  -0.0028112113
  -0.0097520232
  -0.0186427279
  -0.0201761133
  -0.0326287941
  -0.0328471154
  -0.0261519268
  -0.0137091496
  -0.0142510249
  -0.0241279163
  -0.0283263668
  -0.0296319205
  -0.0331621223
  -0.0278116901
  -0.0161060860
  -0.0125984619
  -0.0222665648
  -0.0307537013
  -0.0257314933
  -0.0220320289
  -0.0180943962
   0.0103398271
   0.0046411375
   0.0134961325
   0.0151983992
   0.0115004941
   0.0013104361
   0.0009248917
   0.0037896036
   0.0006100627
   0.0087108932
  -0.0054792507
   0.0127214608
   0.0103556431
   0.0025078404
  -0.0147720068
   0.0148517273
   0.0055830864
  -0.0003529024
  -0.0120310460
   0.0099785891
   0.0179939424
   0.0194422878
   0.0202469442
   0.0224841111
   0.0218396273
   0.0199281156
   0.0162818722
   0.0220485091
   0.0222284011
   0.0192480336
   0.0202633455
   0.0163029513
   0.0151394672
   0.0158026819
   0.0041865884
   0.0079529060
   0.0143229556
   0.0125335636
   0.0134199627
   0.0140464817
   0.0132277474
   0.0143264366
   0.0032924364
   0.0103556651
   0.0081161628
   0.0124575212
   0.0115803576
   0.0108213091
   0.0133094205
   0.0111774662
   0.0163422861
   0.0103274547
   0.0081175263
  -0.0010117849
  -0.0053204517
   0.0025934602
  -0.0035426109
  -0.0055788329
   0.0148113378
   0.0137619978
   0.0137226957
   0.0141880468
   0.0138690680
   0.0133320209
   0.0131686040
   0.0128812864
   0.0119131686
   0.0136248124
   0.0132371579
   0.0126825466
   0.0149072871
   0.0026515724
   0.0062586213
   0.0095500814
  -0.0042967904
   0.0016409646
   0.0059402732
   0.0090481126
   0.0115271785
  -0.0044681481
   0.0036492037
   0.0080540683
   0.0109335428
   0.0134816301
   0.0028434995
   0.0090560546
   0.0137085311
   0.0124625004
   0.0140901397
   0.0160992488
   0.0066622059
   0.0089476932
   0.0115317016
   0.0134245290
   0.0146196384
   0.0156191128
   0.0086364861
   0.0110977847
   0.0128478435
   0.0139584080
   0.0146871086
   0.0130894443
   0.0125206503
   0.0117243085
   0.0112745587
   0.0138236660
   0.0125274998
   0.0115461257
   0.0106779381
   0.0102042847
   0.0152520262
   0.0129790195
   0.0112824256
   0.0097637572
   0.0083901145
   0.0109093127
   0.0078676314
  -0.0001141062
   0.0073713208
   0.0110810142
   0.0103763053
   0.0071221588
   0.0115061446
   0.0142134220
   0.0088267454
   0.0081387688
   0.0032376622
   0.0048967073
   0.0095373684
   0.0110691584
   0.0105434599
  -0.0059971957
   0.0024558089
   0.0091244000
   0.0127275345
   0.0133825245
   0.0128274282
   0.0057121778
   0.0152543133
   0.0038244761
  -0.0122142730
  -0.0025499771
   0.0048451901
   0.0087571037
   0.0112243064
   0.0144236202
   0.0146896027
   0.0154539410
   0.0116733761
   0.0071090331
  -0.0048491542
  -0.0092164414
  -0.0154251240
   0.0060591931
  -0.0002641108
  -0.0120860486
  -0.0165099682
  -0.0206486907
  -0.0250161327
   0.0014224922
  -0.0063317697
  -0.0156775716
  -0.0198604620
  -0.0212618032
   0.0011825683
  -0.0085444093
  -0.0142278959
  -0.0169742354
  -0.0041738190
   0.0043632491
   0.0111634870
   0.0121002869
  -0.0059391773
  -0.0127509271
  -0.0010382594
   0.0049384592
   0.0023898256
  -0.0087208454
  -0.0055246686
   0.0105506730
   0.0048887875
   0.0129036640
   0.0020938925
   0.0099076262
  -0.0169172656
  -0.0211550232
  -0.0233286111
  -0.0259905047
  -0.0202892250
  -0.0144067848
  -0.0138232584
  -0.0170498334
  -0.0201123312
  -0.0283239548
  -0.0281658497
  -0.0217195715
  -0.0130995167
  -0.0047519411
  -0.0066561264
  -0.0263755632
  -0.0304600491
  -0.0273177926
  -0.0196082596
  -0.0099337402
  -0.0241748882
  -0.0300263216
  -0.0283010440
  -0.0215435437
  -0.0116121227
  -0.0248771500
  -0.0288417523
  -0.0265339796
  -0.0194841805
  -0.0265165155
  -0.0265514878
  -0.0221813426
  -0.0137419596
  -0.0245622908
  -0.0215774726
  -0.0146596449
   0.0009023842
  -0.0044073600
  -0.0222490180
  -0.0171005989
  -0.0074075366
   0.0044407053
  -0.0047020003
  -0.0104141942
  -0.0110584031
  -0.0216109982
  -0.0256071245
  -0.0240657688
  -0.0176422003
  -0.0076512360
  -0.0027851302
  -0.0113873214
  -0.0165634258
  -0.0172609383
  -0.0147345998
  -0.0268480758
  -0.0266867495
  -0.0215040141
  -0.0123253658
  -0.0028705544
  -0.0035502463
  -0.0122699676
  -0.0194455710
  -0.0229805669
  -0.0246470792
  -0.0262488210
  -0.0224068220
  -0.0141140239
  -0.0116370064
  -0.0181815214
  -0.0243163416
  -0.0207668554
  -0.0200558795
   0.0112884729
   0.0085297371
   0.0102487980
   0.0072322854
  -0.0017840883
   0.0005861399
  -0.0012816141
   0.0052219868
  -0.0066740388
   0.0090423870
   0.0075396523
   0.0002562091
  -0.0145779123
   0.0117451379
   0.0058706368
   0.0004078060
  -0.0094939524
   0.0098403335
  -0.0001924905
  -0.0050155271
  -0.0134689782
   0.0170532052
   0.0184501781
   0.0181454007
   0.0168457645
   0.0190799006
   0.0187648427
   0.0167204583
   0.0152712281
   0.0180186715
   0.0170580662
   0.0136036772
   0.0158691394
   0.0118306252
