  -0.5513409551    2.0295698208   -0.8773869615
  -4.2395541379    0.5908093918    0.8270724035
  -3.2392392919    3.0667173591   -0.2229275965
  -4.0664416002    2.4957408318   -0.2229275965
  -4.5335468457    1.6057461445   -0.2229275965
  -2.0178445894   -1.3367139658    3.1936769422
  -3.5318224060    0.0751756032    1.3750235943
  -0.7373486852   -2.0816925656    0.3250235943
  -0.1231657269    2.0074175810    2.2872822652
   0.9531724547    3.0004930120    1.4472822652
  -0.1231657269    2.8107055502    1.4472822652
  -0.8256955810    1.9734630727    1.4472822652
   0.9531724547    3.0004930120    0.4089851641
  -0.1231657269    2.8107055502    0.4089851641
   0.9808696085    2.3661404068   -0.4310148359
  -0.1231657269    2.0074175810   -0.4310148359
  -4.0817797697   -0.1273585202    0.7566894681
  -4.7843096238    0.9995384210   -0.0833105319
  -4.7843096238   -0.0934040120   -0.0833105319
  -4.0817797697   -0.9306464894   -0.0833105319
  -4.7843096238    0.9995384210   -1.1216076330
  -4.7843096238   -0.0934040120   -1.1216076330
  -4.0817797697   -0.9306464894   -1.1216076330
  -3.0054415881   -1.1204339512   -1.1216076330
  -4.0817797697    1.0334929292   -1.9616076330
  -4.0817797697   -0.1273585202   -1.9616076330
  -1.0244800383    2.8622836193   -0.4608460988
  -1.9709959501    3.4087548358   -0.4608460988
  -3.0473341318    3.2189673740   -0.4608460988
  -1.0244800383    2.8622836193   -1.4991431999
  -1.9709959501    3.4087548358   -1.4991431999
  -3.0473341318    3.2189673740   -1.4991431999
  -3.7498639858    2.3817248965   -1.4991431999
  -1.9432987963    2.7744022306   -2.3391431999
  -3.0473341318    2.4156794048   -2.3391431999
  -3.0473341318    1.2548279553   -2.3391431999
  -2.2484466581    1.8352536800   -2.6599946494
  -2.8797371769    1.6297082381    2.3202891627
  -2.5745893151    2.5688567887    1.9994377133
  -3.6786246506    2.2101339628    1.9994377133
  -3.6786246506    1.0492825134    1.9994377133
  -1.6557705571    2.6567381774    1.1594377133
  -2.6022864689    3.2032093939    1.1594377133
  -3.6786246506    3.0134219321    1.1594377133
  -4.3811545046    2.1761794546    1.1594377133
  -4.3811545046    1.0832370216    1.1594377133
  -2.6022864689    3.2032093939    0.1211406122
  -3.6786246506    3.0134219321    0.1211406122
  -4.3811545046    2.1761794546    0.1211406122
  -3.0411403827   -1.7834520238    2.5835749139
  -1.9371050472   -2.1421748497    2.5835749139
  -3.7436702367   -0.6565550826    1.7435749139
  -3.7436702367   -1.7494975156    1.7435749139
  -3.0411403827   -2.5867399931    1.7435749139
  -1.9648022010   -2.7765274549    1.7435749139
  -3.7436702367   -0.6565550826    0.7052778128
  -3.7436702367   -1.7494975156    0.7052778128
  -3.0411403827   -2.5867399931    0.7052778128
  -1.9648022010   -2.7765274549    0.7052778128
  -3.0411403827   -1.7834520238   -0.1347221872
  -1.9371050472   -2.1421748497   -0.1347221872
  -0.5690060563   -0.8901852119    3.3558282830
   0.4184731676   -0.8901852119    3.0349768336
  -0.2638581945    0.0489633387    3.0349768336
  -0.2638581945   -1.8293337624    3.0349768336
  -0.2915553483   -2.4636863676    2.1949768336
   0.6549605635   -1.9172151511    2.1949768336
  -0.2915553483   -2.4636863676    1.1566797325
  -1.8231756310    0.2185777493    3.8581722358
  -0.8356964071    0.2185777493    3.5373207863
  -1.5180277692    1.1577262998    3.5373207863
  -2.6220631047    0.7990034740    3.5373207863
  -2.6220631047   -0.3618479754    3.5373207863
  -1.5180277692   -0.7205708013    3.5373207863
  -0.5992090112    1.2456076885    2.6973207863
  -1.5457249230    1.7920789050    2.6973207863
  -2.6220631047    1.6022914432    2.6973207863
  -3.3245929587    0.7650489658    2.6973207863
  -3.3245929587   -0.3278934672    2.6973207863
   0.6723346786    1.5913883363   -0.8493567825
  -0.2674742610    1.9478108535   -0.8493567825
  -2.0924738607   -1.5294353644   -0.8493567825
  -1.2652715523   -2.1004118917   -0.8493567825
   2.2820016095   -1.7505820257    2.2388379574
   3.3320016095   -1.7505820257    2.2388379574
   4.6664592634   -1.8171740130    0.4201846094
   4.6256549575   -0.8412553517   -0.6298153906
   4.3369501635    0.1419828810   -0.6298153906
   3.5624975137    0.8130499221   -0.6298153906
   4.3369501635   -1.8244935844   -0.6298153906
   3.8570016095   -0.8412553517   -1.3984687385
   3.3320016095    0.0680713223   -1.3984687385
   3.3320016095   -1.7505820257   -1.3984687385
   2.8070016095   -0.8412553517   -1.6798153906
   1.4069028011   -2.7162208767   -0.7129621606
   2.7272270405   -1.1427197209   -1.7512592617
   2.3534187129   -0.1156897817   -1.7512592617
   0.3305646194   -2.5264334149   -1.7512592617
   1.4069028011   -2.7162208767   -1.7512592617
   2.3534187129   -2.1697496602   -1.7512592617
   2.1169313170   -1.1427197209   -2.5912592617
   1.4345999549   -0.2035711704   -2.5912592617
   1.4345999549   -2.0818682715   -2.5912592617
   1.1294520931   -1.1427197209   -2.9121107111
   0.4430968584   -2.4894184393    0.5979348294
  -0.0427520473   -2.6528104698   -0.4520651706
   0.9550452441   -2.7739649958   -0.4520651706
   1.4574141197    0.9650289136   -1.5020651706
   1.5311873987    0.9398675958    3.2034331899
   2.5811873987    0.9398675958    2.9220865379
   2.0561873987    1.8491942698    2.9220865379
   1.0061873987    1.8491942698    2.9220865379
   0.4811873987    0.9398675958    2.9220865379
   1.0061873987    0.0305409218    2.9220865379
   2.0561873987    0.0305409218    2.9220865379
   3.3498407467    0.9398675958    2.1534331899
   3.0611359527    1.9231058285    2.1534331899
   2.2866833029    2.5941728695    2.1534331899
   1.2723660416    2.7400096749    2.1534331899
   3.3906450526    1.9157862571    1.1034331899
   2.7241233669    2.6681337142    1.1034331899
   1.7843144273    3.0245562314    1.1034331899
   3.0611359527    1.9231058285    0.0534331899
   2.2866833029    2.5941728695    0.0534331899
   1.2723660416    2.7400096749    0.0534331899
   2.0561873987    1.8491942698   -0.7152201580
   1.0061873987    1.8491942698   -0.7152201580
   1.0798565286    0.8094297942   -2.0811007890
   0.4133348429    1.5617772513   -2.0811007890
  -0.5264740967    1.9181997685   -2.0811007890
  -2.3514736964   -1.5590464494   -2.0811007890
  -1.5242713881   -2.1300229767   -2.0811007890
  -0.5264740967   -2.2511775027   -2.0811007890
   1.0390522227   -0.1664888671   -3.1311007890
   0.7503474287    0.8167493656   -3.1311007890
  -0.0241052211    1.4878164066   -3.1311007890
  -1.0384224824    1.6336532120   -3.1311007890
  -1.9705657915   -1.5409353607   -3.1311007890
  -1.0384224824   -1.9666309463   -3.1311007890
  -0.0241052211   -1.8207941409   -3.1311007890
   0.7503474287   -1.1497270998   -3.1311007890
   0.2703988747   -0.1664888671   -3.8997541369
  -0.2546011253    0.7428378069   -3.8997541369
  -1.3046011253    0.7428378069   -3.8997541369
  -1.3046011253   -1.0758155411   -3.8997541369
  -0.2546011253   -1.0758155411   -3.8997541369
  -0.7796011253   -0.1664888671   -4.1811007890
   1.1097566715   -1.0121767873    2.2308169970
   2.1597566715    0.8064765607   -1.4064896989
  -1.4362508447    1.6947723626   -2.8109662179
  -2.5125890263    1.5049849008   -2.8109662179
  -3.2151188803    0.6677424233   -2.8109662179
  -3.2151188803   -0.4252000097   -2.8109662179
  -2.5125890263   -1.2624424871   -2.8109662179
  -2.5125890263    0.7016969316   -3.6509662179
  -2.5125890263   -0.4591545179   -3.6509662179
  -1.7137015526    0.1212712068   -3.9718176674
   3.4448471436   -0.5043938340    2.7895589621
   4.4323263674   -0.5043938340    2.4687075126
   3.7499950053    0.4347547165    2.4687075126
   3.7499950053   -1.4435423846    2.4687075126
   5.0426220909   -0.5043938340    1.6287075126
   4.6688137634    0.5226361052    1.6287075126
   3.7222978515    1.0691073217    1.6287075126
   4.6688137634   -1.5314237733    1.6287075126
   5.0426220909   -0.5043938340    0.5904104115
   4.6688137634    0.5226361052    0.5904104115
   3.7222978515    1.0691073217    0.5904104115
   1.8823824253   -2.4110666112    1.8255657413
   2.9864177608   -2.7697894371    1.8255657413
   1.1798525713   -2.3771121030    0.9855657413
   1.8823824253   -3.2143545805    0.9855657413
   2.9587206069   -3.4041420423    0.9855657413
   3.9052365188   -2.8576708258    0.9855657413
   1.8823824253   -3.2143545805   -0.0527313598
   2.9587206069   -3.4041420423   -0.0527313598
   3.9052365188   -2.8576708258   -0.0527313598
   2.9864177608   -2.7697894371   -0.8927313598
  -0.7861763723    2.6564271886    0.7066632800
  -1.0357107632    2.9325336532    0.3111226450
  -1.9739085421    3.3843458910    0.3111226450
  -3.9534272950    2.9325336532   -0.7569778380
  -4.6026803027    2.1183961325   -0.7569778380
  -0.4515236155   -0.4273872918    3.5373488772
  -2.0135050763   -1.3291977087    3.5373488772
  -0.9721841024   -1.3291977087    3.5373488772
  -3.2932329429   -0.9560290100    2.8713991187
  -1.7598835198   -2.2846838485    2.8713991187
  -0.9721841024   -2.7085499333    0.8409733528
   0.1618979375    3.0083789351    1.8881337147
  -0.6694864501    2.4043428203    1.8881337147
   0.6757217468    3.3469918562    0.9281337147
  -0.2842782532    3.0897606315    0.9281337147
   0.1618979375    3.0083789351   -0.0318662853
   0.1957217468    2.2583762439   -0.7346350606
  -4.9456610713    0.4530672045    0.3575409175
  -4.6281004929   -0.5242837596    0.3575409175
  -4.9456610713    1.4130672045   -0.6024590825
  -5.2028922960    0.4530672045   -0.6024590825
  -4.9456610713   -0.5069327955   -0.6024590825
  -4.2428922960   -1.2097015708   -0.6024590825
  -3.2828922960   -1.4669327955   -0.6024590825
  -4.6281004929    1.4304181686   -1.5624590825
  -4.9456610713    0.4530672045   -1.5624590825
  -4.6281004929   -0.5242837596   -1.5624590825
  -3.7967161053   -1.1283198743   -1.5624590825
  -3.7628922960    1.2844515921   -2.2652278578
  -4.2428922960    0.4530672045   -2.2652278578
  -3.7628922960   -0.3783171831   -2.2652278578
  -1.7346228488    3.4166407588   -0.0199946494
  -0.5856778828    2.7952536800   -0.9799946494
  -1.2884466581    3.4980224553   -0.9799946494
  -2.2484466581    3.7552536800   -0.9799946494
  -3.2084466581    3.4980224553   -0.9799946494
  -0.9032384612    2.8126046441   -1.9399946494
  -1.7346228488    3.4166407588   -1.9399946494
  -2.7622704673    3.4166407588   -1.9399946494
  -3.5936548550    2.8126046441   -1.9399946494
  -1.7684466581    2.6666380677   -2.6427634246
  -2.7284466581    2.6666380677   -2.6427634246
  -3.2084466581    1.8352536800   -2.6427634246
  -2.3997371769    2.4610926258    2.3030579380
  -3.3597371769    2.4610926258    2.3030579380
  -3.8397371769    1.6297082381    2.3030579380
  -1.5345289800    2.6070592022    1.6002891627
  -2.3659133676    3.2110953169    1.6002891627
  -3.3935609862    3.2110953169    1.6002891627
  -4.2249453738    2.6070592022    1.6002891627
  -4.5425059521    1.6297082381    1.6002891627
  -4.2249453738    0.6523572740    1.6002891627
  -1.9197371769    3.2924770134    0.6402891627
  -2.8797371769    3.5497082381    0.6402891627
  -3.8397371769    3.2924770134    0.6402891627
  -4.5425059521    2.5897082381    0.6402891627
  -4.7997371769    1.6297082381    0.6402891627
  -3.2022529090   -1.2030262991    2.8871951387
  -2.7222529090   -2.0344106867    2.8871951387
  -3.9050216842   -1.2030262991    2.1844263634
  -3.5874611059   -2.1803772632    2.1844263634
  -2.7560767183   -2.7844133779    2.1844263634
  -1.7284290997   -2.7844133779    2.1844263634
  -3.9050216842   -0.2430262991    1.2244263634
  -4.1622529090   -1.2030262991    1.2244263634
  -3.9050216842   -2.1630262991    1.2244263634
  -3.2022529090   -2.8657950744    1.2244263634
  -2.2422529090   -3.1230262991    1.2244263634
  -1.2822529090   -2.8657950744    1.2244263634
  -3.9050216842   -1.2030262991    0.2644263634
  -3.5874611059   -2.1803772632    0.2644263634
  -2.7560767183   -2.7844133779    0.2644263634
  -1.7284290997   -2.7844133779    0.2644263634
  -2.7222529090   -2.0344106867   -0.4383424119
  -0.5690060563   -0.8901852119    3.5958282830
   0.3909939437   -0.8901852119    3.3385970583
  -0.0890060563   -0.0588008243    3.3385970583
  -0.0890060563   -1.7215695995    3.3385970583
   1.0937627190   -0.8901852119    2.6358282830
  -1.0828298655   -2.4715722907    2.6358282830
  -0.0551822470   -2.4715722907    2.6358282830
   0.7762021406   -1.8675361760    2.6358282830
  -0.5690060563   -2.8101852119    1.6758282830
   0.3909939437   -2.5529539872    1.6758282830
  -1.8231756310    0.2185777493    4.0981722358
  -0.8631756310    0.2185777493    3.8409410110
  -1.3431756310    1.0499621369    3.8409410110
  -2.3031756310    1.0499621369    3.8409410110
  -2.7831756310    0.2185777493    3.8409410110
  -2.3031756310   -0.6128066384    3.8409410110
  -1.3431756310   -0.6128066384    3.8409410110
  -0.4779674341    1.1959287134    3.1381722358
  -1.3093518217    1.7999648281    3.1381722358
  -2.3369994402    1.7999648281    3.1381722358
  -3.1683838279    1.1959287134    3.1381722358
  -3.4859444062    0.2185777493    3.1381722358
  -3.1683838279   -0.7587732148    3.1381722358
  -0.8631756310    1.8813465245    2.1781722358
  -1.8231756310    2.1385777493    2.1781722358
  -3.7431756310    0.2185777493    2.1781722358
  -1.0412617765   -2.4180404236   -0.3153065410
   0.9382569763    1.6924726216   -1.3834070240
   0.0000591974    2.1442848594   -1.3834070240
   2.2863411226   -1.7430657686    2.5825098924
   3.3276620965   -1.7430657686    2.5825098924
   4.9151128831   -1.8564682347    0.9542348509
   5.1468285988   -0.8412553517   -0.1138656320
   4.9151128831    0.1739575313   -0.1138656320
   4.2658598754    0.9880950520   -0.1138656320
   4.9151128831   -1.8564682347   -0.1138656320
   4.6833971674   -0.8412553517   -1.0761909150
   4.3855260016    0.1732006766   -1.0761909150
   3.5864844946    0.8655740837   -1.0761909150
   3.5864844946   -2.5480847871   -1.0761909150
   4.3855260016   -1.8557113800   -1.0761909150
   3.8483225834   -0.8412553517   -1.7421406735
   3.3276620965    0.0605550652   -1.7421406735
   3.3276620965   -1.7430657686   -1.7421406735
   1.1294520931   -3.0627197209   -1.2321107111
   2.0894520931   -2.8054884962   -1.2321107111
   2.7922208684   -1.1427197209   -2.1921107111
   2.4746602900   -0.1653687569   -2.1921107111
   0.6156282838   -2.7241067997   -2.1921107111
   1.6432759024   -2.7241067997   -2.1921107111
   2.4746602900   -2.1200706850   -2.1921107111
   2.0894520931   -1.1427197209   -2.8948794864
   1.6094520931   -0.3113353333   -2.8948794864
   0.6494520931   -1.9741041086   -2.8948794864
   1.6094520931   -1.9741041086   -2.8948794864
   0.4348792852   -2.5465729169    1.0443103538
  -0.7569400504   -2.5186267639    0.0819850709
   0.1812577286   -2.9704390017    0.0819850709
   0.1812577286   -2.9704390017   -0.9861154121
   2.2804426076    0.3251796681   -1.9484406951
   1.4814011006    1.0175530752   -1.9484406951
   1.5311873987    0.9398675958    3.5034331899
   2.5725083726    0.9398675958    3.2657584729
   2.0518478857    1.8416780127    3.2657584729
   1.0105269118    1.8416780127    3.2657584729
   0.4898664248    0.9398675958    3.2657584729
   1.0105269118    0.0380571789    3.2657584729
   2.0518478857    0.0380571789    3.2657584729
   3.4075829566    0.9398675958    2.5998087144
   3.1097117908    1.9543236241    2.5998087144
   2.3106702838    2.6466970312    2.5998087144
   1.2641484684    2.7971641525    2.5998087144
   0.3024096265    2.3579527400    2.5998087144
  -0.2692009548    1.4685093140    2.5998087144
   3.6392986723    1.9550804788    1.6374834314
   2.9900456646    2.7692179995    1.6374834314
   2.0518478857    3.2210302373    1.6374834314
   1.0105269118    3.2210302373    1.6374834314
   3.6392986723    1.9550804788    0.5693829484
   2.9900456646    2.7692179995    0.5693829484
   2.0518478857    3.2210302373    0.5693829484
   3.1097117908    1.9543236241   -0.3929423345
   2.3106702838    2.6466970312   -0.3929423345
   1.2641484684    2.7971641525   -0.3929423345
   2.0518478857    1.8416780127   -1.0588920930
   1.0105269118    1.8416780127   -1.0588920930
  -2.2384593912   -1.9958392708   -1.5470505475
  -1.3002616122   -2.4476515086   -1.5470505475
   1.3285101483    0.8487240159   -2.6151510305
   0.6792571406    1.6628615366   -2.6151510305
  -0.2589406383    2.1146737744   -2.6151510305
  -2.2384593912   -1.9958392708   -2.6151510305
  -1.3002616122   -2.4476515086   -2.6151510305
  -0.2589406383   -2.4476515086   -2.6151510305
   1.0967944326   -0.1664888671   -3.5774763135
   0.7989232668    0.8479671612   -3.5774763135
  -0.0001182402    1.5403405683   -3.5774763135
  -1.0466400556    1.6908076896   -3.5774763135
  -2.0083788975   -1.5845740113   -3.5774763135
  -1.0466400556   -2.0237854238   -3.5774763135
  -0.0001182402   -1.8733183025   -3.5774763135
   0.7989232668   -1.1809448954   -3.5774763135
   0.2617198486   -0.1664888671   -4.2434260720
  -0.2589406383    0.7353215498   -4.2434260720
  -1.3002616122    0.7353215498   -4.2434260720
  -1.8209220992   -0.1664888671   -4.2434260720
  -1.3002616122   -1.0682992840   -4.2434260720
  -0.2589406383   -1.0682992840   -4.2434260720
  -0.7796011253   -0.1664888671   -4.4811007890
   2.4142395565    1.6039793221   -1.0842118754
   2.1554171584    0.7989603036   -1.7501616339
  -3.3764703279   -0.8387287932   -2.2918176674
  -2.2275253619    1.7026582856   -3.2518176674
  -3.0589097495    1.0986221709   -3.2518176674
  -3.3764703279    0.1212712068   -3.2518176674
  -3.0589097495   -0.8560797572   -3.2518176674
  -2.1937015526    0.9526555945   -3.9545864427
  -2.6737015526    0.1212712068   -3.9545864427
  -2.1937015526   -0.7101131808   -3.9545864427
   3.4448471436   -0.5043938340    3.0295589621
   4.4048471436   -0.5043938340    2.7723277374
   3.9248471436    0.3269905536    2.7723277374
   2.9648471436   -1.3357782217    2.7723277374
   3.9248471436   -1.3357782217    2.7723277374
   5.1076159188   -0.5043938340    2.0695589621
   4.7900553405    0.4729571300    2.0695589621
   3.9586709528    1.0769932448    2.0695589621
   4.7900553405   -1.4817447981    2.0695589621
   5.3648471436   -0.5043938340    1.1095589621
   5.1076159188    0.4556061660    1.1095589621
   4.4048471436    1.1583749412    1.1095589621
   5.1076159188   -1.4643938340    1.1095589621
   2.2012698990   -2.6620252741    2.1291859660
   3.1612698990   -2.6620252741    2.1291859660
   1.3360617021   -2.8079918506    1.4264171907
   2.1674460897   -3.4120279653    1.4264171907
   3.1950937083   -3.4120279653    1.4264171907
   4.0264780959   -2.8079918506    1.4264171907
   1.7212698990   -3.4934096618    0.4664171907
   2.6812698990   -3.7506408865    0.4664171907
   3.6412698990   -3.4934096618    0.4664171907
   4.3440386743   -2.7906408865    0.4664171907
   2.1674460897   -3.4120279653   -0.4935828093
   3.1950937083   -3.4120279653   -0.4935828093
   4.0264780959   -2.8079918506   -0.4935828093
   3.1612698990   -2.6620252741   -1.1963515846
  -0.9392894691    3.0534421317    0.8103176709
  -4.9890437669    1.1031832495    0.8103176709
  -0.5853807199    3.0123715587   -0.2229275965
  -3.5278142965    3.5976579873   -0.2229275965
  -4.4037573383    3.0123715587   -0.2229275965
  -4.9890437669    2.1364285169   -0.2229275965
  -4.0498485891    3.0534421317   -1.2561728639
  -4.7420131096    2.1854952759   -1.2561728639
  -4.3264217971    1.6410637533   -2.1321159057
  -0.4595993220   -0.4273872918    3.8694983320
  -2.0094672231   -1.3222039417    3.8694983320
  -0.9762219557   -1.3222039417    3.8694983320
  -3.3246973574   -0.9652677957    3.2842119035
  -2.7430970468   -1.8702555439    3.2842119035
  -1.7645504148   -2.3171428169    3.2842119035
  -3.9873193272   -0.4273872918    2.4082688616
  -0.9377717410   -2.8593203399    0.3417783269
   0.4095054938    3.2785665662    2.0081337147
  -0.5492704814    2.8407082497    2.0081337147
   0.9360809761    3.5712430243    0.9281337147
  -0.0902248092    3.4466269404    0.9281337147
   0.4095054938    3.2785665662   -0.1518662853
  -5.0777341222   -0.0739459063    0.4775409175
  -4.5078845242   -0.9606491889    0.4775409175
  -5.3801266217    0.9699890394   -0.6024590825
  -5.3801266217   -0.0638546304   -0.6024590825
  -4.8996755121   -0.9792777373   -0.6024590825
  -4.0488388520   -1.5665678797   -0.6024590825
  -5.0777341222    0.9800803153   -1.6824590825
  -5.0777341222   -0.0739459063   -1.6824590825
  -4.5078845242   -0.9606491889   -1.6824590825
  -3.5491085490   -1.3985075055   -1.6824590825
  -4.3628922960    0.4530672045   -2.4730739547
  -3.8228922960   -0.4822402316   -2.4730739547
  -0.3358616427    2.8390557316   -0.9799946494
  -1.0214268051    3.6128988304   -0.9799946494
  -1.9880874287    3.9795048481   -0.9799946494
  -3.0143932141    3.8548887642   -0.9799946494
  -0.6747852883    2.8465844337   -2.0599946494
  -1.4713651566    3.5368248187   -2.0599946494
  -2.5146629111    3.6868283900   -2.0599946494
  -3.4734388862    3.2489700735   -2.0599946494
  -4.0432884843    2.3622667908   -2.0599946494
  -1.7084466581    2.7705611161   -2.8506095215
  -2.7884466581    2.7705611161   -2.8506095215
  -3.3284466581    1.8352536800   -2.8506095215
  -2.3397371769    2.5650156742    2.5109040349
  -3.4197371769    2.5650156742    2.5109040349
  -3.9597371769    1.6297082381    2.5109040349
  -1.3060758071    2.6410389918    1.7202891627
  -2.1026556754    3.3312793768    1.7202891627
  -3.1459534299    3.4812829481    1.7202891627
  -4.1047294050    3.0434246315    1.7202891627
  -4.6745790031    2.1567213489    1.7202891627
  -4.6745790031    1.1026951273    1.7202891627
  -2.6193779475    3.7739594062    0.6402891627
  -3.6456837329    3.6493433223    0.6402891627
  -4.4965203929    3.0620531799    0.6402891627
  -4.9769715025    2.1466300730    0.6402891627
  -2.7822529090   -2.1383337352    3.0950412356
  -4.0370947352   -0.6760131883    2.3044263634
  -4.0370947352   -1.7300394099    2.3044263634
  -3.4672451371   -2.6167426925    2.3044263634
  -2.5084691620   -3.0546010091    2.3044263634
  -4.3394872346   -0.6861044643    1.2244263634
  -4.3394872346   -1.7199481340    1.2244263634
  -3.8590361250   -2.6353712409    1.2244263634
  -3.0081994650   -3.2226613833    1.2244263634
  -1.9818936796   -3.3472774672    1.2244263634
  -4.0370947352   -1.7300394099    0.1444263634
  -3.4672451371   -2.6167426925    0.1444263634
  -2.5084691620   -3.0546010091    0.1444263634
  -1.4651714075   -2.9045974378    0.1444263634
  -2.7822529090   -2.1383337352   -0.6461885088
   0.5109939437   -0.8901852119    3.5464431552
  -0.0290060563   -1.8254926480    3.5464431552
  -0.8352223093   -2.7417599219    2.7558282830
   0.2080754452   -2.5917563506    2.7558282830
   1.0046553135   -1.9015159655    2.7558282830
  -0.3086468269   -3.0344363799    1.6758282830
   0.6580137967   -2.6678303622    1.6758282830
  -1.8231756310    0.2185777493    4.3381722358
  -0.7431756310    0.2185777493    4.0487871080
  -1.2831756310    1.1538851854    4.0487871080
  -2.3631756310    1.1538851854    4.0487871080
  -2.9031756310    0.2185777493    4.0487871080
  -2.3631756310   -0.7167296868    4.0487871080
  -0.2495142612    1.2299085029    3.2581722358
  -1.0460941295    1.9201488880    3.2581722358
  -2.0893918840    2.0701524593    3.2581722358
  -3.0481678591    1.6322941427    3.2581722358
  -3.6180174572    0.7455908601    3.2581722358
  -3.6180174572   -0.3084353615    3.2581722358
  -2.4297895988   -2.0460660913   -0.8493567825
  -1.5538465569   -2.6313525199   -0.8493567825
   2.2903789758   -1.7360720016    2.9146593472
   3.3236242432   -1.7360720016    2.9146593472
   1.5567491521   -2.2841236037    2.3293729187
   3.6001070958   -2.5779141229    2.3293729187
   4.3622811695   -2.7915142339    1.4534298768
   5.0544456900   -1.9235673781    1.4534298768
   5.5070016095   -0.8412553517    0.4201846094
   4.7161899187   -2.7504436609    0.4201846094
   5.3014763473   -1.8745006191    0.4201846094
   5.3014763473   -0.8412553517   -0.6130606579
   5.0544456900    0.2410566747   -0.6130606579
   4.3622811695    1.1090035305   -0.6130606579
   4.3622811695   -2.7915142339   -0.6130606579
   5.0544456900   -1.9235673781   -0.6130606579
   4.7161899187   -0.8412553517   -1.4890036998
   4.4131130195    0.1909297765   -1.4890036998
   3.6001070958    0.8954034195   -1.4890036998
   3.6001070958   -2.5779141229   -1.4890036998
   4.4131130195   -1.8734404799   -1.4890036998
   3.8402468769   -0.8412553517   -2.0742901283
   3.3236242432    0.0535612982   -2.0742901283
   3.3236242432   -1.7360720016   -2.0742901283
   1.3898113225   -3.2869708890   -1.2321107111
   3.0000669653   -1.1427197209   -2.3121107111
   2.7031134629   -0.1313889673   -2.3121107111
   0.8632358401   -2.9942944309   -2.3121107111
   1.9065335946   -2.8442908596   -2.3121107111
   2.7031134629   -2.1540504746   -2.3121107111
   2.2094520931   -1.1427197209   -3.1027255833
   1.6694520931   -2.0780271570   -3.1027255833
   0.1468453672   -3.1212094083    0.5811800967
  -0.3313270519   -3.1837510980   -0.4520651706
   0.7019182155   -3.3892763602   -0.4520651706
   0.1468453672   -3.1212094083   -1.4853104380
   2.3080296255    0.3429087680   -2.3612534798
   1.5311873987    0.9398675958    3.8034331899
   2.5644326661    0.9398675958    3.5979079277
   2.0478100324    1.8346842457    3.5979079277
   1.0145647650    1.8346842457    3.5979079277
   0.4979421313    0.9398675958    3.5979079277
   1.0145647650    0.0450509459    3.5979079277
   2.0478100324    0.0450509459    3.5979079277
   3.4403757079    0.9398675958    3.0126214991
   3.1372988087    1.9720527240    3.0126214991
   2.3242928850    2.6765263670    3.0126214991
   1.2594815733    2.8296231208    3.0126214991
   0.2809349413    2.3827358478    3.0126214991
   1.2594815733   -0.9498879292    3.0126214991
   3.7786314792    2.0221796222    2.1366784573
   3.0864669587    2.8901264780    2.1366784573
   2.0862602471    3.3718006439    2.1366784573
   0.9761145503    3.3718006439    2.1366784573
   4.0256621365    1.9731128632    1.1034331899
   3.4403757079    2.8490559050    1.1034331899
   2.5644326661    3.4343423336    1.1034331899
   1.5311873987    3.6398675958    1.1034331899
   3.7786314792    2.0221796222    0.0701879225
   3.0864669587    2.8901264780    0.0701879225
   2.0862602471    3.3718006439    0.0701879225
   3.1372988087    1.9720527240   -0.8057551193
   2.3242928850    2.6765263670   -0.8057551193
   1.2594815733    2.8296231208   -0.8057551193
   1.1295871839    1.7426994421   -2.0811007890
   0.2536441421    2.3279858707   -2.0811007890
  -2.6887894345   -2.0756771763   -2.0811007890
  -1.8128463927   -2.6609636049   -2.0811007890
  -0.7796011253   -2.8664888671   -2.0811007890
   1.7148736125   -0.1664888671   -3.1143460564
   1.4678429552    0.9158231593   -3.1143460564
   0.7756784347    1.7837700151   -3.1143460564
  -0.2245282769    2.2654441810   -3.1143460564
  -1.3346739737    2.2654441810   -3.1143460564
  -2.3348806853   -2.1167477493   -3.1143460564
  -1.3346739737   -2.5984219152   -3.1143460564
  -0.2245282769   -2.5984219152   -3.1143460564
   1.1295871839   -0.1664888671   -3.9902890982
   0.8265102847    0.8656962611   -3.9902890982
   0.0135043610    1.5701699041   -3.9902890982
  -1.0513069507    1.7232666579   -3.9902890982
  -2.0298535827   -1.6093571191   -3.9902890982
  -1.0513069507   -2.0562443921   -3.9902890982
   0.0135043610   -1.9031476383   -3.9902890982
   0.8265102847   -1.1986739953   -3.9902890982
   0.2536441421   -0.1664888671   -4.5755755268
  -0.2629784916    0.7283277828   -4.5755755268
  -1.2962237590    0.7283277828   -4.5755755268
  -1.8128463927   -0.1664888671   -4.5755755268
  -1.2962237590   -1.0613055170   -4.5755755268
  -0.2629784916   -1.0613055170   -4.5755755268
  -0.7796011253   -0.1664888671   -4.7811007890
   2.4278621577    1.6338086579   -1.4970246602
   1.3630508460    1.7869054117   -1.4970246602
  -3.3304847686   -1.3110737350   -2.2918176674
  -1.9799178056    1.9728459168   -3.3718176674
  -2.9386937807    1.5349876003   -3.3718176674
  -3.5085433788    0.6482843176   -3.3718176674
  -3.5085433788   -0.4057419040   -3.3718176674
  -2.9386937807   -1.2924451866   -3.3718176674
  -2.2537015526    1.0565786429   -4.1624325396
  -2.7937015526    0.1212712068   -4.1624325396
   3.4448471436   -0.5043938340    3.2695589621
   4.5248471436   -0.5043938340    2.9801738343
   3.9848471436    0.4309136021    2.9801738343
   3.9848471436   -1.4397012701    2.9801738343
   5.3154620157   -0.5043938340    2.1895589621
   5.0185085133    0.5069369196    2.1895589621
   4.2219286450    1.1971773047    2.1895589621
   5.0185085133   -1.5157245877    2.1895589621
   5.6048471436   -0.5043938340    1.1095589621
   5.3574321590    0.4994082176    1.1095589621
   4.6718669965    1.2732513163    1.1095589621
   5.3574321590   -1.5081958856    1.1095589621
   2.1412698990   -2.7659483226    2.3370320629
   3.2212698990   -2.7659483226    2.3370320629
   1.4562776709   -3.2443572799    1.5464171907
   2.4150536460   -3.6822155965    1.5464171907
   3.4583514005   -3.5322120252    1.5464171907
   4.2549312688   -2.8419716402    1.5464171907
   1.0644866830   -3.2629858283    0.4664171907
   1.9153233430   -3.8502759707    0.4664171907
   2.9416291284   -3.9748920546    0.4664171907
   3.9082897520   -3.6082860368    0.4664171907
   2.4150536460   -3.6822155965   -0.6135828093
   3.4583514005   -3.5322120252   -0.6135828093
  -5.0358710417    0.5630128315    1.2770724035
  -4.5964568368   -0.4239276319    1.2770724035
  -1.1776692633    3.7478744981    0.2980169365
  -2.2219692418    4.0450034598    0.2980169365
  -5.3986876178    1.6460570988    0.2980169365
  -4.2750068155    3.4608639069   -0.7438721295
  -5.0064703101    2.6584866758   -0.7438721295
  -5.3986876178    1.6460570988   -0.7438721295
  -4.5964568368    2.6302941309   -1.7229275965
  -4.3448196142    1.6464658399   -2.5210609258
  -0.4667841594   -0.4273872918    4.1941014566
  -2.0058748044   -1.3159816900    4.1941014566
  -0.9798143744   -1.3159816900    4.1941014566
  -3.3430951745   -0.9706698822    3.6731569236
  -2.7556536869   -1.8847466791    3.6731569236
  -1.7672792335   -2.3361221677    3.6731569236
  -4.0341466020   -0.9675577098    2.8750235943
  -1.7644175032   -3.0112309698    2.8750235943
  -4.3969631781    0.1154865575    1.8959681273
  -1.2202448021   -3.3692075021    1.8959681273
  -1.2202448021   -3.3692075021    0.8540790613
  -0.5530560255    2.8450770005    2.4245092391
   0.1550612598    3.7081544977    1.4621839562
  -0.7831365191    3.2563422600    1.4621839562
   0.1550612598    3.7081544977    0.3940834732
   0.4086828164    3.2842884129   -0.5682418098
  -5.0832806496   -0.0755745137    0.8939164420
  -5.6227192853    0.4530672045   -0.0684088410
  -5.3910035696   -0.5621456785   -0.0684088410
  -4.7417505619   -1.3762831992   -0.0684088410
  -5.3910035696    1.4682800875   -1.1365093240
  -5.6227192853    0.4530672045   -1.1365093240
  -5.3910035696   -0.5621456785   -1.1365093240
  -4.7417505619   -1.3762831992   -1.1365093240
  -3.8035527830   -1.8280954370   -1.1365093240
  -5.0832806496    0.9817089227   -2.0988346069
  -5.0832806496   -0.0755745137   -2.0988346069
  -4.5116700683   -0.9650179397   -2.0988346069
  -4.3242132699    0.4530672045   -2.7647843655
  -0.7895883922    3.6646040837   -0.4459444079
  -1.7277861711    4.1164163215   -0.4459444079
  -2.7691071450    4.1164163215   -0.4459444079
  -0.1403353845    2.8504665630   -1.5140448909
  -0.7895883922    3.6646040837   -1.5140448909
  -1.7277861711    4.1164163215   -1.5140448909
  -2.7691071450    4.1164163215   -1.5140448909
  -3.7073049240    3.6646040837   -1.5140448909
  -0.6699222660    2.8497097083   -2.4763701738
  -1.4689637730    3.5420831155   -2.4763701738
  -2.5154855884    3.6925502367   -2.4763701738
  -3.4772244303    3.2533388243   -2.4763701738
  -4.0488350116    2.3638953982   -2.4763701738
  -1.7277861711    2.7370640969   -3.1423199323
  -2.7691071450    2.7370640969   -3.1423199323
  -3.2897676320    1.8352536800   -3.1423199323
  -2.3590766899    2.5315186550    2.8026144457
  -3.4003976638    2.5315186550    2.8026144457
  -3.9210581508    1.6297082381    2.8026144457
  -1.3012127848    2.6441642664    2.1366646872
  -2.1002542918    3.3365376735    2.1366646872
  -3.1467761072    3.4870047948    2.1366646872
  -4.1085149491    3.0477933823    2.1366646872
  -4.6801255304    2.1583499563    2.1366646872
  -4.6801255304    1.1010665199    2.1366646872
  -2.3590766899    3.9108708796    1.1743394042
  -3.4003976638    3.9108708796    1.1743394042
  -4.3385954428    3.4590586418    1.1743394042
  -4.9878484505    2.6449211211    1.1743394042
  -5.2195641661    1.6297082381    1.1743394042
  -4.3385954428    3.4590586418    0.1062389212
  -4.0426412625   -1.7316680173    2.7208018879
  -3.4710306812   -2.6211114433    2.7208018879
  -2.5092918393   -3.0603228558    2.7208018879
  -4.5820798982   -1.2030262991    1.7584766049
  -4.3503641826   -2.2182391821    1.7584766049
  -3.7011111749   -3.0323767028    1.7584766049
  -2.7629133959   -3.4841889406    1.7584766049
  -1.7215924220   -3.4841889406    1.7584766049
  -4.5820798982   -1.2030262991    0.6903761219
  -4.3503641826   -2.2182391821    0.6903761219
  -3.7011111749   -3.0323767028    0.6903761219
  -2.7629133959   -3.4841889406    0.6903761219
  -1.7215924220   -3.4841889406    0.6903761219
  -3.4710306812   -2.6211114433   -0.2719491611
  -2.5092918393   -3.0603228558   -0.2719491611
   0.4723149176   -0.8901852119    3.8381535660
  -0.0483455693   -1.7919956288    3.8381535660
  -0.8360449866   -2.7474817686    3.1722038075
   0.2104768288   -2.5970146473    3.1722038075
   1.0095183358   -1.9046412402    3.1722038075
  -0.0483455693   -3.1713478534    2.2098785245
   0.8898522096   -2.7195356156    2.2098785245
  -0.0483455693   -3.1713478534    1.1417780415
  -1.8231756310    0.2185777493    4.5781722358
  -0.7818546571    0.2185777493    4.3404975187
  -1.3025151440    1.1203881662    4.3404975187
  -2.3438361179    1.1203881662    4.3404975187
  -2.8644966049    0.2185777493    4.3404975187
  -2.3438361179   -0.6832326676    4.3404975187
  -0.2446512389    1.2330337776    3.6745477602
  -1.0436927459    1.9254071847    3.6745477602
  -2.0902145613    2.0758743060    3.6745477602
  -3.0519534032    1.6366628935    3.6745477602
  -3.6235639845    0.7472194675    3.6745477602
  -3.6235639845   -0.3100639689    3.6745477602
  -1.3025151440    2.4997403908    2.7122224773
  -4.1630026202    0.2185777493    2.7122224773
  -1.3291175926   -2.9785178334   -0.3284122495
   0.7962984762    2.5078134665   -1.3703013155
   2.8070016095   -0.8412553517    3.4201846094
   2.2939713945   -1.7298497499    3.2392624718
   3.3200318245   -1.7298497499    3.2392624718
   1.5441925120   -2.2986147390    2.7183179388
   2.5325669654   -2.7499902276    2.7183179388
   3.6080724792   -2.5953558797    2.7183179388
   4.5454539202   -2.7720022444    1.9201846094
   4.9903467432   -2.8316374308    0.9411291424
   5.5619192525   -1.9085161324    0.9411291424
   5.7614248686   -0.8412553517   -0.1007599236
   5.5619192525    0.2260054290   -0.1007599236
   4.9903467432    1.1491267274   -0.1007599236
   4.9903467432   -2.8316374308   -0.1007599236
   5.5619192525   -1.9085161324   -0.1007599236
   5.4050778209   -0.8412553517   -1.0798153906
   5.1804623310    0.2154774450   -1.0798153906
   4.5454539202    1.0894915410   -1.0798153906
   3.6098513115    1.6296619589   -1.0798153906
   4.5454539202   -2.7720022444   -1.0798153906
   5.1804623310   -1.8979881484   -1.0798153906
   4.7353644386   -0.8412553517   -1.8779487199
   4.4292436521    0.2012963046   -1.8779487199
   3.6080724792    0.9128451763   -1.8779487199
   3.6080724792   -2.5953558797   -1.8779487199
   4.4292436521   -1.8838070079   -1.8779487199
   3.8330620395   -0.8412553517   -2.3988932529
   3.3200318245    0.0473390465   -2.3988932529
   3.3200318245   -1.7298497499   -2.3988932529
   0.6087916062   -3.4238823624   -1.7661609526
   1.6501125801   -3.4238823624   -1.7661609526
   2.5883103590   -2.9720701246   -1.7661609526
   3.0058476510   -1.1427197209   -2.7284862356
   2.7079764852   -0.1282636926   -2.7284862356
   0.8624131628   -3.0000162776   -2.7284862356
   1.9089349782   -2.8495491564   -2.7284862356
   2.7079764852   -2.1571757492   -2.7284862356
   2.1707730670   -1.1427197209   -3.3944359941
   1.6501125801   -2.0445301378   -3.3944359941
   0.4303453017   -3.2731200382    1.0479348294
  -0.1065980875   -3.5309164115    0.0688793624
   0.9745180028   -3.6310965705    0.0688793624
  -0.1065980875   -3.5309164115   -0.9730097036
   0.9745180028   -3.6310965705   -0.9730097036
   2.3241602581    0.3532752961   -2.7501985000
   1.5311873987    0.9398675958    4.1034331899
   2.5572478287    0.9398675958    3.9225110523
   2.0442176137    1.8284619940    3.9225110523
   1.0181571837    1.8284619940    3.9225110523
   0.5051269687    0.9398675958    3.9225110523
   1.0181571837    0.0512731976    3.9225110523
   2.0442176137    0.0512731976    3.9225110523
   3.4595502278    0.9398675958    3.4015665193
   3.1534294412    1.9824192521    3.4015665193
   2.3322582684    2.6939681238    3.4015665193
   1.2567527546    2.8486024717    3.4015665193
   0.2683783012    2.3972269831    3.4015665193
   1.2567527546   -0.9688672801    3.4015665193
   2.3322582684   -0.8142329322    3.4015665193
   3.9046481202    1.9966003925    2.6034331899
   3.2696397094    2.8706144885    2.6034331899
   2.3340371007    3.4107849064    2.6034331899
   1.2596144849    3.5237112738    2.6034331899
   0.2321492930    3.1898675958    2.6034331899
   4.2861050417    2.0071283765    1.6243777229
   3.7145325324    2.9302496749    1.6243777229
   2.8480871645    3.5845588444    1.6243777229
   1.8037871860    3.8816878061    1.6243777229
   0.7226710957    3.7815076471    1.6243777229
   4.2861050417    2.0071283765    0.5824886569
   3.7145325324    2.9302496749    0.5824886569
   2.8480871645    3.5845588444    0.5824886569
   1.8037871860    3.8816878061    0.5824886569
   3.9046481202    1.9966003925   -0.3965668101
   3.2696397094    2.8706144885   -0.3965668101
   2.3340371007    3.4107849064   -0.3965668101
   1.2596144849    3.5237112738   -0.3965668101
   3.1534294412    1.9824192521   -1.1947001394
   2.3322582684    2.6939681238   -1.1947001394
   1.2567527546    2.8486024717   -1.1947001394
  -2.5600389117   -2.5241695245   -1.5601562560
  -1.5881174283   -3.0081289184   -1.5601562560
   1.4037440084    1.8238932120   -2.6020453220
   0.5372986405    2.4782023815   -2.6020453220
  -0.5070013380    2.7753313432   -2.6020453220
  -3.2915024063   -1.7217922934   -2.6020453220
  -2.5600389117   -2.5241695245   -2.6020453220
  -1.5881174283   -3.0081289184   -2.6020453220
  -0.5070013380   -3.1083090774   -2.6020453220
   1.8184750861   -0.1664888671   -3.5811007890
   1.5938595962    0.8902439296   -3.5811007890
   0.9588511854    1.7642580256   -3.5811007890
   0.0232485767    2.3044284435   -3.5811007890
  -1.0511740391    2.4173548109   -3.5811007890
  -2.8814889329   -1.6935997485   -3.5811007890
  -2.0786392310   -2.4164888671   -3.5811007890
  -1.0511740391   -2.7503325451   -3.5811007890
   0.0232485767   -2.6374061777   -3.5811007890
   0.9588511854   -2.0972357598   -3.5811007890
   1.1487617038   -0.1664888671   -4.3792341184
   0.8426409173    0.8760627892   -4.3792341184
   0.0214697444    1.5876116609   -4.3792341184
  -1.0540357694    1.7422460088   -4.3792341184
  -2.0424102228    1.2908705202   -4.3792341184
  -2.6298517103   -0.7097714575   -4.3792341184
  -2.0424102228   -1.6238482544   -4.3792341184
  -1.0540357694   -2.0752237430   -4.3792341184
   0.0214697444   -1.9205893951   -4.3792341184
   0.8426409173   -1.2090405234   -4.3792341184
   0.2464593047   -0.1664888671   -4.9001786514
  -0.2665709103    0.7221055311   -4.9001786514
  -1.2926313403    0.7221055311   -4.9001786514
  -1.8056615553   -0.1664888671   -4.9001786514
  -1.2926313403   -1.0550832653   -4.9001786514
  -0.2665709103   -1.0550832653   -4.9001786514
  -0.7796011253   -0.1664888671   -5.0811007890
   2.4358275412    1.6512504147   -1.8859696803
  -3.8218128262   -0.8939416761   -2.8258679089
  -2.9424793248    1.5393563511   -3.7881931918
  -3.5140899061    0.6499129250   -3.7881931918
  -3.5140899061   -0.4073705113   -3.7881931918
  -2.2343620395    1.0230816237   -4.4541429504
  -2.7550225265    0.1212712068   -4.4541429504
   3.4448471436   -0.5043938340    3.5095589621
   4.4861681174   -0.5043938340    3.2718842451
   3.9655076305    0.3974165828    3.2718842451
   3.9655076305   -1.4062042509    3.2718842451
   5.3212427015   -0.5043938340    2.6059344865
   5.0233715357    0.5100621943    2.6059344865
   4.2243300287    1.2024356014    2.6059344865
   5.0233715357   -1.5188498623    2.6059344865
   5.7846741328   -0.5043938340    1.6436092036
   5.5529584171    0.5108190489    1.6436092036
   4.9037054095    1.3249565697    1.6436092036
   5.5529584171   -1.5196067170    1.6436092036
   5.7846741328   -0.5043938340    0.5755087206
   5.5529584171    0.5108190489    0.5755087206
   4.9037054095    1.3249565697    0.5755087206
   1.4524921268   -3.2487260307    1.9627927152
   2.4142309687   -3.6879374432    1.9627927152
   3.4607527841   -3.5374703219    1.9627927152
   1.2224116331   -3.6599912902    1.0004674322
   2.1606094121   -4.1118035280    1.0004674322
   3.2019303860   -4.1118035280    1.0004674322
   4.1401281649   -3.6599912902    1.0004674322
   1.2224116331   -3.6599912902   -0.0676330508
   2.1606094121   -4.1118035280   -0.0676330508
   3.2019303860   -4.1118035280   -0.0676330508
   4.1401281649   -3.6599912902   -0.0676330508
   2.4142309687   -3.6879374432   -1.0299583338
   3.4607527841   -3.5374703219   -1.0299583338
